 1538
 1656
 990
 1561
 236
 5267
 1464
 4520
 956
 6416
 4746
 1156
 3627
 4569
 3355
 1229
 1932
 2628
 1198
 1681
 6429
 926
 1827
 1991
 897
 209
 1968
 1989
 389
 1427
 4537
 4499
 3121
 1183
 5230
 2138
 4623
 2521
 2807
 252
 1959
 2367
 6112
 1407
 1978
 1498
 1354
 55
 2084
 934
 1985
 5
 4536
 5015
 4523
 33
 3728
 85
 6682
 49
 5414
 6065
 1976
 23
 1
 2097
 6727
 1971
 4518
 1990
 5277
 184
 984
 6128
 6621
 2070
 5536
 1324
 4828
 6257
 1398
 6148
 3414
 6213
 2076
 181
 5379
 6634
 1307
 4514
 2777
 5153
 3922
 2616
 2013
 2579
 3772
 1780
 1972
 3540
 3011
 5558
 3881
 6074
 4
 26
 2682
 4465
 2399
 703
 5807
 1576
 3443
 6007
 2193
 3907
 4967
 2921
 2376
 4488
 4482
 1973
 6999
 1919
 4545
 1773
 1451
 2949
 4635
 1979
 2733
 4531
 5247
 4534
 2435
 2947
 2003
 1233
 4786
 2370
