4041
16.74699748388518
0.5598925216859979
6.127502193120042
1.6579599293364342
2.8809372114532112
3.9030867868935863
22.23112529809047
18.05246810252311
0.12677915958212382
10.779346057321751
7.266271803472926
4.41443683289856
11.32099221517254
1.50778575778217
9.963850545813717
5.027089504451627
1.0163919310225984
0.12938375658496523
2.8920931563959833
9.053902007198515
18.228779962134034
19.292533132628602
0.47774248074156284
-2.6593491264188955
12.239069713286735
5.668947047096426
4.672692156470621
16.0858639144497
3.364534296582572
0.06127617708675667
4.816095313438761
4.816095313438761
4.816095313438761
0.37693038367998916
0.10700643021461027
13.713233391773905
19.635666497827184
1.4631172028932424
0.7153500122237073
1.958860530819648
1.929585131390378
27.111554017740826
0.1883060306903044
3.0159113043636503
36.45370338003414
8.855655053389102
-7.6756196883767736
8.855655053389102
2.531676491266799
2.5170308384488953
24.12062418929971
23.023077701448287
24.933440462299128
0.30937467710621164
-3.3905690437160763
-6.124232188325369
-6.134703705116987
18.949554716328187
21.099327382654682
-0.1090790789571874
1.6754261708356841
-3.55867103874635
-3.57858660481759
26.517364905533174
22.90195166608669
21.137368832970832
12.360371087258821
30.36023792894705
19.685486135015516
8.569887579362007
4.860518529556462
0.14833313158694783
-0.7140951926369539
-0.6542831101157044
34.69404902089773
2.7056252810702928
4.091213317183377
32.75532397628628
30.572931721160153
4.078168490504074
-2.316464708922102
4.078168490504074
-2.643422860926341
-2.6548214931522542
16.68413779966771
1.5867107514265588
1.8892439589418888
13.18526352761499
0.6690744630313052
0.8373943307329732
2.8724818529599787
3.458746930089798
16.7678695947271
15.522519366439496
7.612314659179311
8.21732789909014
4.195656441255387
-0.38219472785517555
4.656395868091703
1.9745685814745375
-8.928883105326667
2.7287459777511556
0.8172040233536111
0.49821373762422294
0.49821373762422294
0.49821373762422294
0.4519345655967216
2.0029612647486292
0.7842858927781726
1.085264351059962
8.361218829318442
0.9254468322016812
1.5952573130883587
2.512217857666437
7.569026202259258
0.18350084773907854
2.0728515098813536
7.8574311151307965
6.898437116379832
0.35437052124628277
1.67946955658988
0.7669415918138311
0.6240528211888409
0.833905778227587
1.5574025803365086
1.1082566267834886
2.8119750696056163
1.1798187265974232
-17.42595602715274
1.0201672620375069
1.0048378459529415
1.2904321902962819
1.1719589810364426
-0.8624283242239555
-0.8624283242239555
1.0033103765262612
0.7804639111527859
0.22045152930118525
0.12185464815509539
0.3310505412003721
-6.757278777191407
0.06570239231667074
0.5941561726544115
1.2222980386452844
0.7992648784151392
1.7503955981185115
0.545067591308763
8.0558883981077
15.568449414272584
1.811869405700588
-0.4025014249441839
-0.019130520801134993
0.4681533996084163
-0.10139801360519905
2.9160057647117053
1.0112506684041203
-0.7477269710502206
3.106551912100146
2.5986208833122033
0.7528314136130474
0.7890503319842554
0.62478104657532
2.0098288403004885
1.6353921440552082
3.6631836637571724
0.6025593442239311
0.28826988029876427
0.06263405985530299
0.050677544637053526
1.483837992026897
1.3627917745314202
2.7526508334619337
2.356480909288566
1.2068132530846232
0.7768221222420234
0.5327345469500069
4.589226809015738
1.04335798360541
7.762576349797018
7.979380724346299
-0.49372267219121735
2.864957685325464
3.759643021374778
2.608977800812233
2.9383398122042665
2.0937021928901984
1.019635177906301
0.23034638705687738
-0.06268699052079958
0.6639406959058457
0.6394755995995464
0.1116184629932026
0.10981870401395484
1.065143695485295
1.7509090374544711
7.91083230323307
0.8644442478879398
0.7592169486301094
0.774753641394891
0.7754706854537888
10.166580556183098
0.5920160555010375
0.14339974573798941
0.4131212243898582
0.5981976594544696
0.7350674173847727
5.9819222231139095
4.596254561162417
3.1213028517102335
1.7685925843118326
0.7605405745417423
0.38366934868579833
0.34047565815065994
1.6227955985854183
1.3702798789645891
0.6134569688357056
0.25850408727252
0.19955414215023243
0.2563937733792048
0.25894579729242034
2.8508631596525786
8.711919164897147
1.5514034374550898
0.7427019812379084
1.7895478708304782
2.502112649033496
9.280673130815977
1.5591111803926565
0.941472553997058
1.8352100047379551
2.094969929999371
0.9060357458657733
0.5878101129988154
0.06082990330329055
0.03618948070202366
0.06158184707988718
0.9549280267273043
1.0480900645136217
0.28071201781758276
0.1905051417305216
1.8766942011060463
2.3144423698760073
7.588431416842143
6.203107052817036
0.6951990639854063
1.1051551422599313
1.5608063423349106
-0.0195422675914675
0.05169802137504566
0.04692554051784671
0.04247353376625204
0.16198016970253956
9.54013844838888
2.8478537694432595
0.8477212778972008
1.0526642016611312
-0.6076970656741298
3.52997252064127
0.6321892655747008
1.9060315035270126
1.562253080892699
1.646499312828961
0.21195763955341324
-0.12588640307370988
0.36301587499623195
1.5950412709459265
4.823571446301842
1.310322555970165
1.2229772821166673
1.2229772821166673
4.90719257901768
0.5277735693482978
13.7907744870144
7.25074949658524
1.3320498130891234
3.887578712105138
1.7306455025675245
0.8868816255753665
0.09459230394071172
2.7071850063429843
0.09216504193332996
0.2163976037905079
0.27090903896779567
6.410273713147057
0.46005576729806547
0.6388280000869443
0.6285384808294193
0.7207500260525164
0.02630032246682052
0.9112227473555043
0.4195522563729315
3.1723215452070272
0.699679209153632
0.4862510736795372
0.2934460773676562
-1.4731809778464626
0.31406155628356325
0.36297681928723496
8.043972905876771
3.492214671130252
0.20822705898260915
0.7619779697305435
0.7679070111555224
0.414356533885556
0.3230214223276884
1.0018592857486108
0.08341903885541077
1.7193677815001713
0.4046437083344066
0.4447300819526217
1.008380589905839
0.06684831229702902
0.13671794550142566
-0.48444673827745144
0.21626362924399367
0.7294685927990745
1.2005687246468717
1.4139028279925407
0.923577739949462
1.008932030729202
0.7571516621214004
2.5514185399131266
0.16698089140893152
0.0505741879414146
1.1389478265170907
0.36699264335191534
2.286379194793507
10.519515468507766
1.1216758706094228
3.318823805814756
0.9744209910853032
0.2279746265616068
0.36942286803327506
0.5545182843530658
0.07505725077671857
0.19845373114528556
0.43471467233621036
4.581522978864894
3.1568284849853323
7.5015040692056765
-0.9642233752974848
0.8215105287085426
16.41593133325314
7.72093781821124
0.150200862227059
0.7050160113549083
0.3567785384354501
0.5676716630754879
0.0884567162835754
-0.0095128554075491
1.9179574040950857
0.09055336575448261
0.1009665514746659
2.2702744868215627
0.07026336122777788
0.263552393768591
0.10958332839869477
0.1045524901990552
0.9034323935860936
0.814162387556246
0.6231440497667257
0.06554756164917083
0.986707492208702
0.12160470660218074
0.27360281053488844
0.7142235887708531
0.22435743387356685
0.05037654639466354
0.35447248821598926
1.745606928951546
1.518935886964826
0.6002001242655883
0.2201504710715684
0.37339544850559886
0.6131930754192244
0.8674458662967396
1.9711477572293854
1.9711477572293854
1.9711477572293854
1.6873405759075968
1.0812641424861849
1.4462107857798305
0.9441793351217697
0.17187883771940204
2.117623076510011
0.15669856900844048
2.1040003560228024
0.042018710118026166
5.858477173681337
0.15534733730840436
1.4963632182407662
0.5314982714767434
0.5630068250689017
0.41370661276903553
0.3275005656510056
3.472011581824767
2.767724615272611
1.6091416321006466
1.7133079418117159
0.9354108752001826
1.548617569046911
0.27346977831776403
0.6123584529506703
0.8387971914868718
0.7483958032871332
0.5441897703498648
0.7366141361804007
0.3397383654544275
0.5305211471643035
-4.4875307783439515
-1.675784893497585
1.5980662690232992
2.2802211020041625
3.32332366034458
0.5773553078218284
0.6025579256300595
0.813017508640681
0.94049780274921
0.9089641964852905
1.1198255895668576
0.7212829285324445
0.37408733516635156
6.852928380877768
1.430230281382013
0.38082852815882284
0.13685855234961125
0.28963377425624176
0.024780741285023226
0.12280824063212852
0.05608113177296703
0.05425787442558225
0.11888290947469833
0.49046077832985
1.5058360371731068
0.2896583849092465
2.9648559274157984
0.0248947150516418
0.037067737053573434
0.06419112962697111
0.166737879629183
0.48889738109778863
0.6195457729871622
0.8214367835799775
-0.18200568080738916
0.6014271099388445
0.2672987434146362
2.5679087316946094
0.4770043034746268
0.49111372071423953
0.47015631227772386
0.4685683653701266
0.49303466903500187
0.25277326854436993
0.6937376086726127
0.0647462896896048
3.703440756800252
0.04268741898593017
0.14291609331010666
0.041454195226178936
0.03213714601686134
0.03383604534378289
0.20744076060928848
0.10507129666121806
0.6514792111201946
0.40608263982945536
0.5154751489893126
1.2916412573505953
2.5500230180643464
0.5463789203915859
2.8984962297586296
2.6612943267415248
0.42719963634251457
-0.4199660242317549
0.41799122483721235
0.21142971483293585
0.062812216142925
0.07912046855758768
1.618865288917888
3.177699207283592
3.9255935307466454
0.4634930572635467
0.6563261001706893
0.34638025951445445
2.156764073053347
0.6089283830780502
0.49915491962170316
8.137397083976056
4.681481982468672
2.9821914035816186
13.64326508970315
5.098586710706357
10.32347786387061
0.6113332587643227
0.648239769918178
-1.254039803154923
2.675930526679929
-0.0451648602277588
0.03272358449774872
0.1353199253219282
0.2208972760780801
1.2399549937382566
0.9727312413115431
1.3159037741127138
-1.3980393922476204
0.06766774643005541
0.060200397932319
0.29138699308212646
0.10077127209052561
0.6233128701558995
0.5119862029322239
1.2928014374130865
6.096240884617574
0.9439220609906785
1.6299372042854106
0.18994123728814952
0.09913178775162917
0.05981208252128965
0.1974586448462281
3.008874417108109
0.6476508825130222
0.4350881615366355
0.05245647769372914
0.03200382847723242
0.03520592177477792
0.525504948126857
0.17701076756104198
0.06714402723934958
0.04027186722526055
0.06422429334037755
0.2700327920805051
0.5442111106292643
1.328932149750367
2.549782264068749
2.555915391041264
0.323560240342306
0.7701007401860792
0.6497833666419663
0.473960450472482
3.4542705790326833
0.25417493883984704
1.0498934538942672
0.09783550707164303
1.5341719946499415
0.5820576797319743
0.29827364950596
0.45847322466587875
0.07645222680421312
0.05559680550671231
0.8750214940247613
0.3003420505456972
0.049790729553634866
0.07324731475664821
-0.9395817631636904
0.45593731728099174
0.2909821403001766
0.6420575957708973
0.74002482655785
5.160411137247029
0.4385232021384781
0.7330645895465536
1.5365884584352578
0.4907311217074403
4.969029406507065
0.5756337308917469
0.2506140763227762
0.10630106074811023
1.0481044089981038
0.03810232436885325
0.026043648274406816
0.02557481028424248
0.021306223454406074
0.05682923387304753
1.6241865982192403
0.35404998905537843
0.3642052262766495
0.8863587971652621
6.090897145165094
0.2956213262997985
3.631787554903942
0.11963979652229247
1.1707038603242022
0.3268161765427034
-2.8183997900191047
0.6384163734124588
1.5455548358470175
2.616506561933464
0.7557294987081141
0.556937483250044
0.6595907803153717
-0.8866157960319522
-4.554555121149559
0.13241700666479933
0.07778190483229597
-0.14688496594566056
1.958253665648027
2.0251956264592503
3.4854426099812255
0.47857982068904636
0.724732392128517
0.3529410360650377
1.5948592489832736
0.13579466940191862
0.1319905873883346
0.5839441961957191
2.242589676962774
0.4653116967877107
0.2624060994007138
0.5240587607756209
0.5772124093057108
0.43955078666870306
0.36885196876694537
0.08217912963253067
0.08902271507774537
0.884514434286473
0.2296295420019183
0.4484782161729025
0.05385562779871795
0.03573258517509855
0.06122890116227442
1.6475387679417985
0.2721424571994802
0.46151905608825716
2.310030573814574
1.264821314891357
0.7160225875605037
0.17487110000278583
0.057245555825554024
0.041060484512870844
0.027962366422331443
0.4737999300735692
3.137518873620294
0.5144162281465143
2.7757526118223166
0.4763123822285472
0.5311700997117117
0.29109190598943374
0.9349939960314446
1.0430061825669943
0.4263923984737798
0.1369884268946445
0.328454459453936
0.37715921316310164
0.45152797218772717
0.6267243663930253
1.428412581277264
-0.18494898391083636
0.1563567493506472
0.36247253293453396
0.48650640209444646
0.2581321581875117
2.9876502276473937
0.14014674361394308
1.787889445538989
1.0553392763036678
0.35232289544489526
1.9698610653265445
6.3171757717025585
2.081848192354406
7.940400839866925
4.369006122337499
3.655998280622027
0.1497706286534325
1.4967180095517156
0.307534914904152
0.27326013830315876
-0.3055974489173142
3.3793829279634156
0.8761916894606534
0.3674057106915552
3.5105506676475065
1.4988120935752365
0.5489656531622359
0.6257930939923765
2.8098159753567145
0.8670046525347971
0.3571910681321325
5.801478568301188
0.5495405681519578
1.4109630187384117
1.4747920061382842
3.238448022757028
2.170689586033041
0.2171441842047326
0.6589693533622205
0.359593925649395
-0.10658781242527417
1.4024044047537743
0.435804518723156
1.2139421395211212
0.38517696736547585
0.44515676528587983
0.5659168426613785
0.4103343348448605
0.4309768769518082
1.0471392687751728
0.38353174673261486
0.3530101832038083
1.970341339973474
0.6393111646934534
0.7084811820364025
3.718888280865339
0.3564000045361584
1.6757315472318883
5.254293653175818
1.8369045203889591
1.4026833606996882
0.10785664050004175
0.09999882214209006
0.10785777624601563
0.2240904360393348
0.35478894345967654
0.21952996538377473
-0.698280527639451
0.06340146224042005
0.08263319667561463
1.5822063317398924
-2.2800529347981127
1.8083403027143072
-1.5686415195358068
0.5416646952241623
0.7415511527557014
-2.906239172272219
0.6573051475375655
-0.3924391610842368
0.032818629370256175
0.03540995299615399
0.03766246010147214
0.25373369866361384
1.4702962892755949
1.0779468330478172
4.44106862582508
0.30588538270260063
3.449593953349751
0.9426927982226565
0.2890412040734939
0.14229508076130812
1.7113993023717597
0.5691780210099913
0.47022598352091793
0.0509332197707097
1.2900211596376518
1.0045310864202044
2.704525307398479
0.03919648367285612
0.2277970645833246
-1.8770646819323815
0.07394626326360315
1.6896388913749725
3.4710775663547446
2.297532946945387
0.45784911996518096
0.029528789762444916
0.022066357033856464
0.07206954129707313
0.348624915835083
0.27312221820373683
0.8279770566792398
0.11954485179671877
0.09795888641812815
0.10828802460124748
0.08157520639462218
3.36698849064631
1.8709924890221845
0.09937320530746664
0.853264209268755
1.9601441750455373
0.6631666020448947
1.7589551966742367
1.740135328126109
1.1590155083698086
0.7865607933499569
1.7875077166108557
0.9398363138472395
2.5045311513687665
-0.04780169563374452
0.06947329998038647
0.07746001463834257
-0.4025654122135371
0.16062005081455155
0.06784983104493676
0.865109874544313
0.9384203491600399
2.312966260866034
1.569816626765749
1.3698093707231773
0.7270337931186543
3.7012578153749494
0.08300895878710457
0.052183169977837555
0.03568515180886357
0.06116454039451399
0.5011018274413018
0.4589606808532266
0.38016011578509573
0.4508122959482126
1.0935330256687303
0.42303546403154757
1.2561335685212314
0.5653678168253805
0.899871420626153
0.3542426545425728
0.17928893949997723
0.06088136301128144
0.0667348879645619
0.08439354041903466
0.14231834030403606
0.8913889810785351
1.569060260666148
4.928170578948592
1.7963424738186158
0.08417362436871835
0.03793514271023009
0.03559239642592795
1.0621646008983312
0.043451498461611324
0.04463659489059965
4.348901083716952
0.10093354964759613
0.9644413147292317
0.34914813876237766
0.14689971557264014
1.0844422831638962
0.24444125380565004
0.07900884973842455
0.33009234100528545
1.4622590973824392
0.4941354402346985
1.031465359845568
0.518629777503883
0.7801152316079655
-0.2148836478805272
0.23888696729321068
6.887827680235737
1.4138438535676079
0.27297170572792295
0.12340703265447069
0.8225494858351797
0.7480844041424525
1.379845576290313
5.270530739004222
0.3511497742869145
1.156239027046083
0.17696358984586252
0.09840979873177066
0.19937364896842727
0.0924486015791432
0.5183881036486931
0.36093093598000897
0.7631881341189245
0.34389542157191855
0.1885166390398916
0.15071283417811038
0.2120566194810815
0.1732670042895877
0.13790079704181885
0.6058636350728872
0.289210377709456
0.06186306578649523
-12.098764862935392
0.5282461888069954
0.27161510556474855
1.771570412871765
0.6881384332129091
0.5008393726382336
0.3450812073552361
0.6443102294719465
0.4772059738294696
0.35326117960777387
0.21897449976789773
0.169317837389253
0.5585564191107134
0.8663568205863744
0.22370404159648677
0.03662602023900144
0.2529124375460787
0.04535256921021744
1.049313075283109
0.10347731980732766
0.25992082593986415
2.900797180458752
0.6510344025432822
0.4127649979689791
0.23210154502841776
0.7928512530603955
0.12301595110812688
1.131253584197762
0.6688721803343198
0.5560492380960917
0.27203418622427217
0.07305060934361368
0.08595513510293099
0.31290042066803403
0.16790066316271718
0.3805683812170999
2.449022098799527
2.989968188128054
2.1224628890418735
1.9768282118699123
-1.4967723691358974
2.5497859842537873
0.7658234179387265
1.2481342563911968
0.9491476471331554
1.048070724839718
0.5656185238153089
1.3601314371471556
1.9185488861012405
0.7071453586960228
0.14363558581121563
0.2839903145097451
0.6239682785449207
6.804040088515156
0.39173535509616986
-0.12136328671014895
0.6253125438602276
1.9454085270523536
0.9123650112299986
0.37662466580020876
0.06500286320997013
0.04614793674015291
0.035595364927204144
0.04920105685688045
10.468250100883283
11.403466820145908
-0.5740077789608851
4.801703360528435
1.859802629162886
1.794822468520829
1.2542986735688615
0.6163982862812792
0.2541941130138353
4.4562177778806085
0.6622006951536324
1.160312810892856
4.029221219885715
0.12106466775205352
-0.8383858999716642
3.0238312978441524
1.0355472102709464
0.11786163611866066
0.08249673629057444
0.42902513246754986
1.0457003609756466
1.480643792033653
0.45577781257864636
0.2209122064499232
0.04721278291385543
0.036475510379054284
0.027856182426892986
0.027138797396272563
0.026784447052318066
0.027083407611852045
0.031728984715183844
0.04664416809156768
-0.5041422251490623
1.704282014996195
0.18759068612693253
2.454155609319392
0.5467672183944634
0.25990039603995047
0.05087441615099562
0.03726726873224077
0.02250941146943779
0.042018602405574215
0.46886621816686685
0.4127832999486496
0.3151312258219767
1.2797126521848736
1.2743003500093788
0.06154576342943458
0.06538168511703078
-0.21540916117484196
0.3822242189446478
0.5865410898699775
1.1933355644425494
0.9659214040934077
0.3715488596636137
1.2066783863422905
0.08282952738670042
0.9631977559773228
0.08606532581240389
0.5009912267963368
0.040230679208964296
1.6220263652272056
0.3797866396974322
0.08209849295420628
0.07822727228385673
-0.03378712392293264
0.5704946236675564
3.0778797164988427
1.2407724201304386
0.04505311149492278
1.9135287713290736
0.45354864703570913
0.5271723863050419
0.14556078134413578
0.23460811838491213
2.399303007899668
0.12958081451494516
0.13415925473381984
0.24813963227726518
0.5482304850014306
0.2739047141794693
0.0951485511766965
0.2502992759775412
0.25424800575569245
0.06967506360758474
0.6112427022037183
0.2918330071887432
0.06201360233170684
0.04932717240938028
0.0804484367500185
0.7124707373850142
1.8488418144731145
0.6416221716358078
0.5329525541259672
0.2598297105086643
0.06581652921813674
0.0679718370844912
0.5215063378427331
0.6541654555043414
3.390866405890063
0.7026853504255719
0.3637534063842662
0.18047129178256455
0.04426533849645823
0.03588472324249118
0.033568375592895626
0.047878837596754494
0.2018091104672
0.4186098678912649
0.5409006080889425
0.0811044038537591
0.0931448262529204
0.5367627293456878
0.7200676708949958
0.9289086816939094
0.40762709519998686
0.1331328675745237
2.5427985987066024
0.08644969449743185
0.08013895329568368
0.4155165971416855
0.6443810703450805
1.229858859662692
0.25723744643339413
0.05641288877403436
0.04590819799612266
0.6816166680207489
0.07921291776395697
0.15040300407383392
0.1339986640371852
-0.024424401024303828
0.7801070076471694
0.16951673529864414
2.410122756257954
1.2740756915803961
0.10015083538940955
0.07157943530687222
1.2197052238490962
0.8236414291725535
0.03734552118000048
0.0357913049999573
0.39827654695670295
0.04837006249171187
1.9891231239158798
0.8102552508287109
0.15094478730321834
0.20690212741261285
0.43037433105297895
1.0103974782647769
0.6839141798729013
0.434699562277464
0.2944451431270768
0.20818290790150423
4.834281817515838
5.824464740784593
0.3102875348661524
0.060424272796338906
0.03813068561290244
0.0504822322345536
-0.6685840790032999
0.4721486525211773
0.3041352121000791
0.07194362366241266
0.07168702471979842
0.6616238929607129
1.0838645690178161
0.3253901226653267
0.38226224974784645
1.8800744632814625
3.842182883088307
0.3132384814640745
0.1702450308945831
8.126749953929068
0.6277349484450426
0.12507745891481808
0.09366592505987066
0.279460520499881
0.12257628068573827
0.10208541665707033
0.4583364296273921
0.4166297240836039
0.29810069620905516
4.778981498147396
0.5003830171860084
0.2282382532835039
-3.0506162448894703
0.03885603748620375
1.3899489816818584
0.0290779413689628
0.028267571624288387
0.03201194579388583
0.04684816207199564
0.2779254915021216
0.19913138172128936
0.2404624197579074
0.2453589627234669
0.2617044290971614
0.5069713704016555
0.25647905692049444
0.09225823034805418
0.5134330243347693
0.22921621587554106
1.4002889357813026
0.43566901343225517
0.09974919567450731
5.483721288596919
0.07740883478295468
0.8233137946842889
0.08523334927367682
0.0953460336133449
1.2368590123140653
1.0842782031194294
0.3993380328576406
0.12266541592047187
0.66475446117795
0.7799061679258743
1.371498143733548
1.4545066072134512
0.19295811077538003
0.14100895996530227
0.32554053572527414
0.10614655303120252
0.05835713222383996
0.07712788478807558
1.476661801676364
0.032562868872185735
-1.6368052739177337
0.3057211568886695
1.0494739260898691
0.4636605857083439
0.7435841912139791
5.7135748557053185
0.8333804371812267
0.2518943000495728
0.07549392890495325
0.05092591493062113
1.397057817529357
0.2375836329415328
4.4332568993733235
0.7776618408468874
0.5970645229352629
0.9160868610605679
2.2780333986491703
0.22815103254496244
9.227633205365533
5.1544129737959405
2.7381531176269855
0.8020116274865258
0.22042899842105138
0.27000468666095123
0.22057292657456268
2.535597960462263
0.667617400142429
0.5581617046306636
-1.2654062624425149
0.7554160504528389
0.7797908147207508
1.1934751158223547
2.4772890682007427
0.3692242381221887
0.09815870847489422
1.6673628669739968
1.8418843939610623
0.4021088352833944
1.5227305811614433
0.13061017264871672
0.340456113918984
0.6318212441984823
0.2331022752606004
0.27966347609307385
0.3037721729407039
0.2943681582691634
0.8783726140893369
0.38629957830516926
0.2634174396497009
0.13739859896421452
0.27996550049032276
0.9216018725264858
0.38150164104493783
0.192981970694534
0.059996513041816475
0.06501160033078568
0.20770971304700112
0.11593589768678969
0.19485945495952997
1.4340736391405036
0.37802517432583627
1.9823168150111403
0.08066475153806511
0.23523849382657072
2.4258756709476748
0.543650346512657
0.2877956750089095
0.11943875710187671
0.3504325166070318
0.13193223353282754
0.11083055921887995
0.07875762892017579
0.7188766684269003
1.2161106709268967
0.12331986686677851
0.4401838434995984
0.4458945643291234
0.056628532042490035
0.01400364235157378
0.19864971034354534
0.17345293486194013
0.26375848365498505
0.09979550606043888
0.2629636245029167
0.12900918538458198
0.6686457500571668
0.07046466075320942
0.048197436829505315
0.03111983544801151
0.030296217395274147
0.038591614213648054
1.4120441833436077
0.04110818682016374
0.03610878004703908
0.04962221106402985
0.25547145066869364
0.47201574898282406
0.23934670782769898
0.062439407652276874
0.08365174401691201
1.4900460887038398
0.37372568350636354
4.12475754985947
2.517618780940192
0.5260572266888005
0.5694439419369662
11.570524364242036
-6.323978562122297
0.3062171181503472
0.09793545800948812
-0.04946458136869666
1.571196846549509
0.6351525680128935
1.215715907593202
0.22741390383676574
0.052603729045999977
3.5300254247830987
3.424702549551896
0.6400951393997331
0.6680968420136073
1.46739951176211
0.657640152469018
0.41717490175788113
1.9553450578561773
0.5771503244043824
0.353408710423993
0.6117082269350175
0.7762165583450265
0.33994990165656547
0.18816118123669176
2.1029096900820217
0.8897418488611636
0.2054911903404811
0.17654186723316628
1.244518344079287
1.969308266628539
0.3441611208246126
0.04437064578957127
0.02556417973656957
0.20953075559637635
0.037511666324546944
0.02825589624459741
0.027995370611761508
0.03205288958113491
0.046499570843871185
0.2660327790415119
0.8872818683072453
1.6839019481995845
0.09158808228641055
0.04550616425917108
0.03582438321916573
0.04914349865602221
0.31949858121381863
0.5946265843881899
0.8810658810263711
0.22229538944445257
1.0966830855243408
1.232038708473282
0.03578149795996265
2.033025070703222
0.046840885279314584
0.46427697027271003
0.40716982205051055
0.30821135949570755
0.16954507487402687
0.966565423338426
0.4101570198805264
0.890172334755361
0.09515647580210194
0.17217318233404605
4.122005403470947
0.33350637116157394
1.788872971344142
0.5738524345674155
0.0861352132718028
0.07469215491009272
0.06262088317547625
0.04805925861530789
0.06601725128088838
0.17004064704972102
0.059969089626060894
0.044462359683342875
0.05841954799199621
0.07751839367495876
1.0093107909967274
0.014320443848765498
-1.1651399634488768
1.2435105185959452
1.2435105185959452
0.5904800411965488
-0.19510940161571638
0.004330123717115702
0.09724986271907118
0.06389721606724673
0.04675031820573416
0.03768777157569259
-0.43030485599682844
0.061499698903933905
1.200418493342397
1.5628473284144178
0.3502501247048729
2.6917143380926833
0.16925479843762545
0.43931674288975125
0.28015005965816997
0.2596808192967766
0.23658995017425694
0.16085650147022668
0.3020977109766101
0.6478073529204789
0.349505100806517
0.2106960759601947
0.549356326372164
0.8109287913677536
1.5876229637966852
0.8660248815165522
0.662369573287249
3.6108099493098593
3.1735869797888707
2.9784411240795334
17.86535948605237
2.8505117897493233
0.43599282667888767
8.689395000874857
2.5288289092148557
2.6639740645283125
0.9452773702288424
1.8860049800049055
1.1115635302891989
0.5712590455799338
1.2577256069780216
0.157094944099572
0.538943184864018
5.374583003877615
3.3160403542319368
-3.544211913388223
1.5883072769906568
0.5237328710868641
0.5047095965854661
1.546408582100589
1.1983493852280653
0.2159184604059324
0.4685309985747168
0.3515162026536376
0.20275635466293274
3.053751387633033
6.900358100037456
3.899524173793472
-3.9170626838588682
0.37623195490198974
0.33848162860809616
0.49910618434394827
-0.25415190452810826
3.2734584159521405
1.7740888569598803
1.3230283041972704
0.9874688303287799
0.7603640347960278
3.0338198521072934
1.8055742240878643
0.6649049424216747
0.45326043972284663
0.3125841022447254
0.4379247324843249
0.10765872253442602
0.25050944162567296
0.6844992680269196
0.4928444883109543
2.8559249868839682
1.581492873053765
2.199790060875226
0.7318634705013151
0.4970123761238188
0.34805476340778246
2.056068220850516
0.7262453723084021
1.3138153177207346
0.7079928791143992
0.7424994630692463
0.5111227415885544
0.37356342091410927
0.07475717671643423
0.30440542002892157
0.9367114099007178
5.429841857436511
1.2315664989917472
0.8248006104286909
0.6076849160541911
0.6692339768061777
0.43829126040582234
0.8205706669317803
0.9121339204770609
0.98731353490681
6.89310128169479
3.0935043396572923
0.8546081427904794
1.093158544922827
0.3783150907958059
0.34913895784972665
0.3428481801093601
0.13252007834411397
0.2097177232199624
0.15192176425235848
0.3551923704220267
1.9858824146640788
1.6149813358873637
0.06594554670701654
0.040328509978156915
0.0595688553747945
0.5167102114735058
0.7559227312093529
0.39800129749255386
0.2856006347972205
0.2836530644437131
0.39339924787202385
0.5444308898826737
0.3750983397612842
2.564106145908278
2.0470755399674765
1.9444141507120856
0.11194812012700545
0.7852770013730284
0.573766789768422
0.2731090004958887
0.05657196293097455
0.04406383074861086
1.0405134766802233
0.04026398796987954
0.03488165588503072
0.05587111952639819
0.13658843963930423
0.5347985663631665
0.261975572480259
0.06875563187622391
0.07795500409789433
2.891285214533114
2.1427345510378495
0.15349015629031343
1.216893590619192
1.2691054800987862
0.5723757887831612
0.9301869500896415
1.0182532830092255
0.2744735182066075
0.9145285859802931
0.8572962812576048
2.6172758026926104
0.5614341560539141
1.45668598215043
0.2873867674450231
1.204843972513117
0.596078356735961
0.1661434001370215
0.5290045243812052
0.6813524600451009
0.46224595478235386
0.14637329327945772
0.23314191264686013
1.2673544120654325
1.0179262823973816
0.7123495497911653
1.4827287704028578
1.009835257551421
0.13829899367901666
-2.799906877600764
-0.2293054359667283
0.6952414137719198
0.43284673628428677
0.30788780672841554
0.5369003456069473
0.759243429148221
0.1977050702807053
0.03345108926357714
0.052756178406439154
0.31234145934497487
0.6702360081014894
0.6582693966427619
0.4469794585795337
1.3666280232173766
0.2468355749968422
0.9264340703878243
0.05026170375099669
0.0728857226512225
1.7900403547142838
0.6277675061589035
0.03600932190670497
0.06669220616524754
0.2375956870392332
0.2408920088665253
2.4668641377921143
0.24559053302400374
0.2095316518036957
0.12510638324121076
0.8192207079862949
0.07402128321244926
0.03373433004788862
0.03661879628994226
0.03182367183954657
0.0330777323931391
0.054660026451529925
0.5502552492448133
0.5375774151091548
0.3851665988779745
0.9549407461655528
0.7844861400950186
0.2211742338619333
0.07275982541681657
0.20853061058040215
0.06940056405766966
0.20720975412602938
0.4251814642464572
0.0654482595721275
0.5232935817719281
0.42426623404036123
0.05000615998955971
4.6065499421546985
0.08327389027051625
0.34986526990698724
1.0795995296452903
0.9019054520339904
0.07151541063755408
2.229266647890289
1.5816383287053628
0.03915177394596714
0.545929287693498
0.2896902572489755
0.6950078870284568
0.1355812836056709
0.285336856976093
1.9754215805453217
1.6683337808851886
0.31767641898193844
0.4154471810313015
1.0630565841649806
0.11383585144825552
0.25010050541804246
0.38840677072055935
1.932313584644269
0.3668541886901791
0.663817679959592
0.4520163426511374
0.5413411704078185
0.5000906973001724
0.5368985975753704
0.3776064997914941
0.8310625168884941
0.0996071286376271
0.21120692963672172
0.06278306402019442
0.9388843098883133
0.10995925856120599
0.10434548902651171
0.33193234926641413
1.5341421492214238
0.92391719376839
0.04621482082826022
0.06319932397704552
1.9673516916913234
0.40077021189086426
0.028087473425471923
1.1374094484992476
0.6643496958818204
0.08664116861877913
0.08503676132613379
0.39452627268850615
0.6001327309505793
0.7495818809056086
0.06323873008867462
0.03418932964870992
0.033484802194144715
0.08569798520133402
0.17866750222794
0.14903541343331467
0.13063377282959485
0.964897862224608
0.0713065783395623
0.7131936071928076
1.652177717384079
0.3832458350682112
0.12345128970463269
0.6690592048173979
0.4883889359220289
1.7280636397725013
0.3351427546491215
0.6001337478673191
0.31143017658420247
0.13244054423006296
0.279060809529963
0.15507280181619693
0.6858910058229798
0.3756411035828501
0.190511185403841
0.057796993192746664
0.07085027084738693
1.945286112846729
6.552043940968436
0.04102621781332059
1.4541418104728066
0.30564926257776515
0.3958549698007435
0.6114448739001064
0.15243804709272768
0.34274958194832994
0.9219698731320274
0.4288365297882487
2.269831529910292
0.47284728398984394
1.8583242775871138
0.8914374399908975
3.4560719517689424
1.8232366790564505
2.1184983609137276
7.07216781081414
4.401751448162713
1.333104352286575
0.7025102784095051
0.2651148363791728
-0.0015720103245303748
0.06395749007843213
0.2643009283740081
1.9138623858723025
0.7805606545178851
0.48068727137955836
0.632923918929013
1.1922127523020973
1.2942750176711595
0.42662701478182913
0.5899900248689769
0.36655022382673774
0.2195179322135902
0.2301893304739605
0.5193580723869312
0.7621760884914046
1.393115277011787
0.933413102119378
0.9904269226752278
0.9340640591780295
0.33476111183568436
1.060052288131704
1.1793135880999326
0.8811544385837221
0.9575272048011079
1.4098842607330833
1.1571726507907931
1.9127935123246358
2.431783098930797
0.6104044242664973
0.17375329852276059
0.2559352672077781
2.876321093210034
1.5318673863109777
0.5510546107164601
0.324564550506093
0.3283041929807529
0.07648191983518823
0.08264656561062027
0.03610699806139116
0.0256007593655757
0.024821458657749856
0.03070176676213745
0.05289475805744136
1.0732231499350704
0.16962383006337087
-1.310399156303546
0.43271179594802994
0.05344359411787452
0.03856742329292883
0.05858651621270394
0.23280638317446384
0.2640504460521271
0.27633468780575005
0.742037675300507
0.4209510702287289
-3.783093332556472
0.1201529874527103
0.8690776348252816
0.1068001676773798
0.5678621400654119
0.2699114900419299
0.054690847189952874
0.04131120669285029
0.03554128114937035
0.05635719512686471
0.08542357495400621
0.831022409637215
0.470702243525604
0.3291286714104279
0.4531926700021983
0.6560984392907617
0.26956258717417103
0.08297018139708175
0.09599723316698319
2.2575207943414246
1.9747939539052233
0.32396419372307084
1.117382972740576
1.3827535461436697
1.9431865048103927
1.111819952959479
0.8402051826043457
0.28836536083392417
0.0574215971049817
1.3248518734671444
0.7518222228557688
1.825659480120635
0.4527426149240101
1.1564554394287552
2.787992483623359
0.7455857085630685
0.3091793473606478
0.602601952537389
0.2874908340213215
0.257933725283032
1.3384078168107525
1.0927582157983726
1.1351721401716146
2.089685062910681
1.552302562226994
0.13549570151840115
0.19304196656209874
0.4803624491925379
2.041728141289778
1.1504488970415019
0.3568110177707677
0.3158365888762947
0.12858058762208285
4.600875143924847
2.5742906152239313
0.43848075416822513
1.4519676515120894
0.5548247423297268
0.5244508605328141
0.8204392594962417
0.10563028838259625
0.47775519821858525
0.8429614612778347
0.4203863333400914
0.3396247497516718
0.28551875580657965
1.1697101685600566
0.0532857472789071
0.903177823032562
2.117620969673426
0.430042387901737
0.8481936044471678
-3.595868037865253
0.1552435048180741
0.16719629392643282
0.1651642955628528
0.527255355707867
0.23317730924285407
-1.8402685907400462
0.3528992897818578
0.5760852360312805
0.2702941431837696
0.021409782718896188
0.02163637274388932
0.024833308896401667
0.6758209954938972
0.08991763429362595
0.37962538620340114
0.3272346257261479
1.7613086258948096
1.540069904627049
1.7881858782731637
1.708443929650083
0.5206594455156432
1.9920239030157882
1.8397882463271071
0.5874800293859468
0.5752364046089142
3.472370195017496
2.5189652372787807
1.7130469564553696
1.6568963889185688
0.10261353939496351
1.261820080035713
0.40239932885038926
1.283184689390685
0.0724806339485464
0.03593771827405271
0.03430341960307363
0.043845462797670445
1.2306377886748283
0.09268694382577117
0.8125220655302686
1.0261083548650531
0.4006027570313245
0.15442654219468485
0.38019636568315246
0.5562228717502528
0.45995589198026654
5.378573879339585
0.30686358359263904
0.3073927542746025
0.22123849019474928
-0.11406390949418632
-0.029038479698376696
2.9613914428402937
0.5650737254111075
0.7925136780043911
2.894030154873564
0.893973254169832
0.2369627692260382
0.19401872885068952
0.5938771128849535
0.3543067540357047
0.43999550084177474
0.5798907553478121
1.5422726198787293
0.38109494082530987
0.19298836206736789
0.058703040853478015
0.0716446988483417
0.5354382145638404
0.4944528104317779
0.4180913446422646
0.4822851555759657
0.18135482108692022
0.7107038514640358
0.6942924785431689
0.0504362216837604
0.04737663970487598
0.03877569637033438
0.043093935562781405
0.0605586564866113
0.41341995710486656
0.4086252466483283
0.6330248895864135
0.8311551506104468
0.3477098737991915
0.2521136807990736
0.13096163562549376
0.3105362362286835
0.21284107738575336
3.9781427950206414
0.36792595041452897
0.08352153088324789
0.20279565809130015
0.05095942769311841
0.2793147785090582
0.07109094103562873
0.06817167147466692
0.07696998587268604
0.19339223913213593
0.7404690618643947
0.8409340994505564
0.6029315465549497
0.3243439365178545
0.16547246298467636
0.4452104357820387
0.26055130147650957
0.17098455859932749
0.44237343007644075
0.516066802708091
0.6602965172143257
0.4003151114785897
0.21510988620407803
0.11566360380351787
3.1530274075550953
0.7579260263654005
0.2109017812580039
0.16426852334042696
0.34622508348649067
0.25620543208100205
0.20649865320037025
0.32767773764881125
0.48778580369152363
0.24766948267671296
0.06814143816271893
1.9256928765160601
0.1013424740277107
0.10403758547960361
1.2012332920639899
0.40357731700119304
0.07390472208452979
0.05526078683651084
0.31061862547842445
0.04886854555137813
0.02905731010370254
0.02796209044336807
0.027320868943924194
0.02769074739193733
0.03332763388869606
0.054986647668300775
0.0896514087112301
0.37851578601082225
0.2127664710295627
0.27516148709861327
0.6631898252813858
0.882709707327345
0.27560705003299957
0.14845754604252712
0.07643299176068895
1.0406313091713109
0.21983273657605104
0.11381697449768269
0.18291129997671196
0.6000931919855901
0.5587404491339489
0.051611806251745294
0.028929307147335596
0.02897537425293807
0.039151842687918374
0.8958093775450053
0.05770860111617661
0.4615301130274837
1.0020205184879827
0.17114951770375036
0.598840203944346
0.2862173711570973
0.060245833353094906
0.04679377581551339
0.0450081108677143
0.045542431833956995
1.546334912738064
0.09251776449529016
0.24495293000862503
0.2833079615077077
0.5383419986398327
0.27349419875579756
0.7902572334542558
0.06112285369330591
0.03170845378818109
0.02985211327787493
0.03371449635578394
0.05520305896879902
0.20358219594480548
0.09609080395906286
0.13386555137495346
0.5838701168338194
0.27989770281260845
0.3764404280510634
0.6790788862070543
0.5216786092308485
0.3709394462740214
0.08056834188660865
0.1407721192914713
0.047976019861429096
0.06888907909654254
0.09530697813272546
0.2736429328995798
0.818081516238751
0.6658120722659355
0.3418071186575016
0.09672203055283542
0.07094135022915424
0.044861456771690726
0.06273660639569563
0.8311496030113993
0.26263930548142034
0.27517600664029235
2.1731679809892284
2.052047136464496
0.3529121926958671
0.46180078616038583
0.5403565386647038
0.584714399836692
0.7572744523131142
0.7237318927926192
0.2395280085932666
0.1884462705706401
0.06028417986097837
0.03403160021797137
0.03437764103975415
0.09397090397646608
0.22547775169664142
0.26846774645211313
0.4016371287837268
0.6557401260495153
0.3899608793685864
0.19351718683056998
0.04807873728347798
0.040004680829619776
0.0431934554010676
1.0617770786159002
0.05559962364846802
0.043972601773275416
0.18529296634079973
0.06110017379222693
1.4265946319470857
0.3064558536074493
0.21873027666008338
1.3277904934576943
0.37883506030387787
0.06451566479838816
0.04538560547755645
0.06011045599299688
0.43596067842246994
0.05884441739075068
0.9922900460357187
0.1631639069008893
0.19510616682914117
2.063751312623821
0.4664681929039073
0.06642374143108452
-1.8233578367993946
0.2854995204221233
0.33842494931428835
0.07983026035542987
0.08533651327867621
-1.5017187617267638
0.7466135373282592
0.5502537539054725
0.26850413685682745
0.15457241919571293
0.024907026712650927
0.032444857435195054
0.05435807775323829
1.0260664354272795
0.3594697560690184
1.2907253134383692
0.9151193032788354
1.4379393840478376
0.19456024609859396
0.17270253234886057
0.3486145977843884
0.4475225699496004
0.6774944861945167
0.4505259364893541
0.07794040483541664
0.07262600130544464
0.07985983014654716
0.5786737272211937
0.12810025173925993
0.04581509109203525
0.5014088128856318
1.0250717122316635
0.3273343041062953
0.05697769771451915
0.040272478358888614
0.023297051270774468
0.052962871009464264
0.17170019034367737
0.11769636472036177
0.09669302613828218
0.07005723786913305
0.7200158617559568
0.7208691044703225
0.7020476233381042
0.6616091647930007
0.5942702897321482
0.6858125033903505
0.23387626531563196
0.03419273024371682
0.021875013005739668
0.05116578351345069
0.6605653543571258
0.6421778446170917
0.6209624539298485
0.6190642602708347
0.25343126981987446
4.072919195688763
0.0651084188412505
0.09462439803315659
1.0750094393562615
0.4141223878007788
0.1257446523990788
1.6822681009153981
0.6067513623623623
0.4150666092742329
0.2042608133277504
0.04666388250074859
0.036509038116365744
0.029475691885805184
0.030242923172745843
0.08367947127127201
1.5127727572994725
0.7180400227448734
-0.6561981062092918
0.41723440659543776
0.3616103890073802
0.8971713067522523
0.2473657743560872
0.3944619319252308
0.5516257437359545
0.2092934603321044
0.10141541776663268
0.11271239120597529
0.06413464140542322
0.24776284905034862
0.07639695906760523
0.03288418706629093
0.031005233155128823
0.03656549919327896
0.05850817385575478
0.17919399254874635
1.2088638845178137
0.08458245138743783
0.039446943594373944
0.027077836713248496
0.026272480434606
0.022584893881239246
-1.0065335867064464
0.0242021490871239
0.037009722359744104
1.2065630193502555
0.03163868766557427
0.031720350604259866
0.05759078911339663
0.6028591886666379
0.8544086364782426
0.286534738002751
0.14606441477380994
0.039602166707391744
0.03276231455432989
0.027284552736455584
0.026855950162161323
0.02689550149765396
0.02741520181710062
0.035103169079480384
0.057287694062135845
0.10051027249080333
0.06526978882353585
1.453242885754103
0.09199370360816542
0.707333438112226
0.8134416686907295
0.0719036143883677
0.24537339803430358
0.06221196999139466
0.1670669526344876
0.05393350109193966
0.7217291415515353
0.5110611297764506
2.353215130040601
2.7521136694749235
2.314162391798987
2.042379985917325
1.0425344991634178
1.0530929865202778
0.19650549151209235
0.43289347129193456
1.0207095673837425
0.3715487964132126
1.0106203815646422
1.9933263676026693
0.023811742874161896
0.020834425113228534
-0.4743578545378625
0.30654437045636074
0.7864536957853049
0.6653398800944818
1.0352900190278207
0.10363164824767801
0.5250463247995173
0.7511291756487336
0.2984055375948214
0.1659448304622509
0.5053232538839292
0.7375305025564686
0.42706983194519726
0.31705941975207713
0.9352451092189396
0.13056147157423315
0.08004765488944396
0.5059700210258729
0.2813524805879767
0.054538257626174286
0.040678498228609056
0.030681818219535844
0.03103198553729888
3.1482878989945595
0.04929595298202294
0.04098216157031774
0.04626915458552217
2.022769640088651
0.36456067267689796
0.38225927597374687
0.42715660778977604
0.21824451908322956
0.05317401908418693
0.030909508132379197
0.029248148138136525
0.028086347849665773
0.028118310182693132
0.029740321100948253
0.03176548563993907
0.063568898141354
0.7420430182708205
0.047644447968452595
0.042223033803733094
0.042535294162791705
0.11631553112611186
0.04311177920430183
0.026526703847470794
0.06725578340861534
0.059828612312349816
0.39366658938550586
0.8425850830263126
0.5283001357924011
0.9120833643597092
2.164755389340969
0.6715819615306983
0.22051587653033722
0.2768592591916706
0.25569333737851735
0.2603301878369719
0.25157413892429065
0.34550241199874004
1.122835183891229
1.0244223243883546
5.494681921357076
0.8422187800622846
0.34766036882848267
0.045954552230221726
0.06626431397293868
0.12164358459399645
0.10681342980529368
0.6324662794490442
2.450443319180059
0.6666440376538546
0.4457416830307374
0.26298400254037757
1.1031130102136457
1.826057215297943
0.94821794692649
0.8982371996144434
0.3348496954898754
0.5622198543410672
1.4001451060514274
0.7628504308777683
0.8873543987797855
0.4766660820935835
0.5541067426772777
11.999898391682319
4.317015474233723
0.16001677818693272
0.17931318676200425
0.12457597856954125
0.21993731076739867
0.2190908402029749
1.0909741604681662
3.781890658276305
1.5220647943287715
0.2467357596921016
0.5980277452336761
1.262986353949337
0.5940045928879749
-5.239851165363211
1.294376450210837
0.17050219517244644
0.045280676191278076
0.032340788401998215
0.03356078973712881
0.10012226418771288
2.122355020924831
0.060625873823701236
0.17288232557821823
0.04555310514680899
0.04635467282783562
0.5596041000000417
0.10158074306553655
0.9637424519774239
1.1276759195564647
0.333759905775441
0.6028367029301527
0.5771201714389554
0.2932255206450097
0.8086878039440536
0.07303892150633047
0.8856989357795518
0.04990574237855475
0.0480821912226008
0.8305336519453752
0.10121277308810052
0.2140116184159116
0.28963037652677986
0.7411581456736026
0.4883726060336992
0.16130049144262207
0.0890774326589164
0.03546964639363909
0.050112236851444864
0.6341273443098384
0.19788975290846894
1.2272981660207325
2.725812728434341
2.921873895425551
0.6634238688294554
0.7327631579871744
0.5232297298874371
-0.11130225261204812
0.18137758237180843
0.10621636917824259
0.12236041137412829
0.09137693939099596
0.18628725201921856
0.25846639519183795
0.676908098637668
0.3876071882975824
0.1970560192136402
0.05792945551554969
0.07391052715733339
0.33281350279278415
0.6742342179948326
0.12349464709142209
0.0674867453278411
0.8219355654819338
0.4018174527460439
0.49679600786286093
0.21508615150561416
0.1554121846422579
0.44467832974707644
1.6946297683494154
1.6561086355225743
0.45248404800534353
0.493243374928792
0.24492978956427858
0.09154689153873066
0.09315116762647116
0.47259849643020185
0.548151568737338
0.9950801482111432
2.6339424830963187
0.26423875691494336
0.07222762547576331
0.10110506804651181
0.5187511671976105
0.8040706468549235
0.9249401128154473
0.24309372544867355
0.22928483668575164
-2.0074226469270062
0.14651914277757302
0.13061280584226434
0.12494701658889923
0.2557543048567172
0.22194931422321493
0.31181532833262066
0.12219143149570848
0.20459221600817823
0.18033648477545922
0.06279875102341935
0.4996881207594144
0.42848319252985284
0.6863971633545765
0.3207448659364628
0.9029211983742
0.05169446396603893
1.330366533291563
0.03980230831758732
0.062341872495691134
0.34612565568417636
0.5453422473881295
0.48388626846790317
0.37857508580740545
0.9510275865762499
0.08258048498565237
0.24400555651614217
0.618124878654971
0.6106186083850328
0.6809890392258459
0.5984499043571351
1.2315539036861627
0.9645146154862615
0.7104693508528723
0.6993329847306262
0.4960531236932121
0.6769602779756263
0.7589113785533109
0.7593434970372113
1.1908546519417147
0.07804540227200202
0.75849230521454
4.7125360289484854
5.2690506719191115
0.5158612702293777
0.6447039961424569
0.4298880159077983
0.4583417252105404
0.416008668830103
1.4193108029173702
0.17836766825027645
0.6716749603912902
-4.0322485924322695
0.9264280051531469
0.16419323804745956
0.35405182179310557
1.569602576692118
0.4692682843775556
0.4134113221497624
0.3904466013931193
0.34853136298568277
0.3337020137724066
0.41089545530838634
0.27800996872775807
0.36465397620011075
0.8025202134451445
1.0549339569624638
0.11203830985992558
0.28307366503082887
1.556983445699705
0.6895513973347535
0.7250618316430247
0.8169564241269739
0.2594559199247475
0.250894229043848
6.68964797426814
3.9120388231774954
0.9240163362307099
0.3530452149219455
0.21363444234148676
2.107998213157329
4.510739123399396
-0.10101564074213974
1.1114392645731557
0.8323974753166091
0.42184766777710053
0.37479444595381184
0.510469298245037
0.33893049445755835
0.7912266945787703
0.20543791900849556
0.11349015384266731
0.14492827231565183
1.0455261917421177
0.8794107843240325
0.9194843996373289
0.10494058419614917
0.628263588780831
0.8709583445803565
1.4331873061894094
-3.6330975553031273
1.2525476078438373
0.24455381288410152
0.6369119876871702
0.39395664307799966
-0.2987717114863222
1.6860886958907373
1.5052245729330187
0.5376508785290995
0.8301001908271309
2.761397205253913
0.9639305548589058
0.1740716415346134
0.19256181841352174
1.486993301274913
0.2992156787335224
0.2207424139211123
0.31926121527601486
0.5496246584509595
0.9632540129689354
0.022921769505398173
0.020508483068271795
0.02064837726967598
0.4112121486312394
4.971555809321258
0.12659102454366375
0.5050775644068365
0.9764349140541508
0.9920725773798243
0.262010994052532
1.5007472074687462
0.015612321645290193
0.06818233241627772
0.06333500615103621
0.08463605140513296
0.0854678645220769
1.2642483606938584
0.4497432387032206
0.5557199995331555
0.7006379083188642
1.3888627092116947
-0.28991892426288535
1.0654575632677061
0.5736602922564035
1.6952606106486778
0.27411147055331964
0.1843236542640584
0.570979680431169
0.3380247647730689
0.19128303311551395
0.634005604640309
0.5306539599627458
0.5410836797681057
0.7080486317842485
0.1829368846970153
1.080739581802988
0.9597783866504996
2.730331847495485
1.0609391610514478
2.244405988754521
1.394574635637257
0.4131405943938194
0.12473354339379941
0.165414585151961
-7.057974578229371
0.3962771010200149
2.572480295006669
0.8342160745273032
0.8288285153196299
0.05612933589280742
0.1718786181734998
0.3431573302740989
0.7454856769827374
0.5812327368676229
0.880842305007569
0.6354141366032081
0.893573997447908
1.8120900792400911
1.647152479772182
0.1886112148085537
0.12263609127377226
0.07043581641443616
0.18739207689792955
0.36799791605816246
0.5914690425141299
0.43932133596079936
0.2774696291525755
0.45335134267337523
1.5094597362530517
0.8636772586438249
0.6251778628630722
0.15495581479302517
0.04043427179024692
0.03498898557400424
0.050047968980913925
0.41744394313897687
1.0428809540697288
0.34839295748439164
2.059826303979956
2.4386978304233446
0.23618304228098497
0.9145064662719307
0.6989924208208985
1.7468058775555586
0.1810443038857089
0.24750751788312095
0.9398286588523882
1.094429353897892
0.9329879324596292
1.4847720377618325
1.190379444882216
1.2405706178286138
2.343004997236793
2.004947603782028
2.7230212480208364
1.853234345052074
0.5871023709315133
0.5886138408228587
0.8682916403354615
0.8992300651322874
0.12036992035489161
0.03605240545749921
0.41413522435466715
0.6377406234549912
0.3923847997023519
-2.3360796192520876
0.8123984189654827
0.5948331195722181
0.45897117889615
0.2257851726425459
1.261374865339607
2.456756912988663
0.145036538961149
0.5265657411104536
0.1868791598886629
1.2170768391982523
0.9631481801066741
1.0834346098486354
0.12050682725109374
0.42597148693691284
0.10071919151867992
0.5865133197338621
0.4288725354471884
2.4109426260706033
0.0607947633829216
0.43828197280083847
0.343180061546518
3.4742915430756165
0.048541695021754316
1.9076788940039984
0.2580145217980933
1.7008592860376244
1.1619192853965683
0.1634512216798113
0.38618145723369046
0.6183146406403651
0.09710567997633557
0.0909796322356104
3.163575209218894
1.0407895668851548
-8.586298915931662
1.0488919993813743
1.0992021374916963
0.17039581196702774
0.06384306505748548
0.07037469379327732
0.26275505031991275
0.5370672840501897
0.06296575747527361
3.267548371578633
2.6361603641065967
0.5025363491976388
-0.3186242362912336
-0.3817335686741476
-0.08057047391484745
0.07536876883459843
1.2090372464163974
1.2142218783739114
0.4398327770267675
0.785071076892237
0.8392086365926685
0.963618073510004
0.5140419691295413
1.3720790751208434
1.4139992115942586
0.8745689738269843
0.7427678261137157
1.6332447125378071
0.6601449732366163
0.6885917534258742
0.6738462017920296
2.3294389686086756
-2.0437774813074316
0.20293050637137003
0.32966192919230264
0.9050229082377668
0.8058707243972572
1.408987558754518
0.8451011061023873
0.6940428321871686
0.7297385673891923
2.1831926395716796
0.25115120868080365
0.19867068212818484
0.6210595452986077
2.0722850376646735
1.9728018999047867
0.8519300542433645
0.6523169198800418
0.8035109335455044
0.4344579701570501
0.9736812473692369
0.1765964217962734
0.45319672787821647
0.4688954501576159
0.2866016640842876
1.0974246713147562
0.9556796813132817
0.3688935762811088
-1.2597234117259926
1.12423292879743
0.29466280513192933
-0.08598487685849401
0.045385503384096804
0.27220553988369267
0.22370472371344186
1.605696084223098
1.7167696269157489
0.5854824944746605
0.1987312378711083
0.1354028153360273
1.0281586359387447
1.4467884321456426
1.5028628956754737
0.7190549288479294
1.7456102158212847
0.5954511707505219
0.31777452109407495
0.5747437972884313
0.6007031051231605
0.6811498715223174
0.4884897317558833
0.904200480967614
0.8930635431491967
0.23495200332692143
0.1746905448335963
0.8712146192404389
0.7047572963273425
0.7412933470017478
0.8359816873015022
1.202675861051392
0.16261620892594517
0.21476097531142027
0.44844445692949086
0.9881120655752764
0.597739928826511
0.5295777272335571
1.434319013708752
0.15381533309998485
0.549393438933603
0.8772480647110001
1.0851304878169103
-0.017474469703735465
0.11367418705328886
0.10709775799572438
0.34699859115924997
2.1053845987396564
1.3856377426580235
2.2143848364860443
0.38591321586826366
0.4489443311481632
0.48438245476038366
0.49201638861813
0.7105943342606981
1.8625788771108243
0.5361302273660207
0.33797867687477895
1.0243105903297534
1.0265484253890031
0.1916252382619329
0.5446686018636859
1.2389726871351283
0.5993975642607904
0.10421044171799683
0.11158549331762632
0.21460958851522488
0.6698376233861464
6.503979538976744
6.1508341982087495
3.9850909482452623
0.5534499933355417
0.1994845499164084
0.11061260785601246
0.16130702247978024
0.1562439905805139
1.495805706641977
0.5123565996260606
1.1950089756900417
0.17679320406893198
1.5770935151563694
0.08652733281259696
0.2076554018076723
0.3927182231868293
0.6706186998186815
0.7014573136900243
0.2990670956441827
0.28078004089036895
0.2522617612417504
0.1738182487445126
1.175415143406656
0.6119097640772839
0.6298226426601267
0.144193495247185
0.036325751015230646
0.10997180694663146
1.129327476025125
0.2828372086338974
1.5315178961665803
0.7021467728697715
0.6838176724929311
0.94197830452651
1.555861622053421
1.6704060737111288
0.7932121767370215
0.948151387560473
0.892129613931142
0.9701591337789489
0.14222732857350479
0.18068327065173634
2.3152094644687904
0.8065662908679115
0.8515086004951247
0.368868443144235
0.3335669635471313
0.10487527636282484
0.27332026786871877
1.0374578417971856
0.7220181850678289
0.7619349603378197
0.8668891607863761
-0.43715787116595867
0.6984506416750347
0.7099541980507934
0.40899241833855055
3.9622218857706533
1.0409890060121332
0.7605143981890076
3.098621563951159
0.13779457456030667
1.1202706017257642
1.043948180183482
1.2480737947500848
0.8831419760760811
0.30919165401552773
0.6258037054271215
1.2913531326727405
1.8213302627711023
-8.000092916574824
0.013086260890715372
0.8365738674180089
0.3055345887658983
0.35654518903349647
0.5641939831681521
0.3988618829169499
0.40963210475809864
0.8906059772139848
0.7918077338474067
0.14791462149053766
0.17020661380028662
0.15838702818844916
0.9504531608135828
0.3193210968620376
1.922716525628605
0.11306873049480674
0.05175918444695743
-0.15077641868906008
0.2293506181329509
-2.1354325531079654
0.4085054965047898
0.5293409933895691
0.7400847099826809
0.2527770071631664
0.20029416749357823
0.9896768041351213
0.38196841210153687
0.9619423267582206
0.29840900643928203
0.1564167951001027
0.18061940999348078
0.37421044364093486
0.11445448313836325
0.05794983020583653
0.061778663317100684
0.05668585658947084
0.07862963255334657
3.293192597729693
1.9994699727824299
0.19217309298537183
0.11372810660185298
0.20478460535817902
0.22971949150361864
0.16996220124852227
0.2520274750602451
0.44040350761113595
1.4676283155937355
0.8992998490406795
0.9818656108634174
1.1589349177109223
0.2885516075141308
0.6558145150057936
0.6811725383368907
0.8363604108905267
1.7178801702201976
0.5524256887637676
0.6332223901439028
0.35715443262616464
0.7414823685357609
0.17403977038620294
0.26488576833344285
0.3822244623493525
0.41907202879313826
1.03145950885607
0.7071131848307542
0.7444474452427919
-0.05542583009483723
0.9188985590550433
0.32357154514646713
0.2406035151331423
0.254615993848514
0.3341759141414016
0.9582783072917082
0.6488271810640239
0.48400750764317535
0.17323183670513387
0.16080174722648383
0.08822306958576825
0.03406256538467438
0.0319505291461883
0.04001961603003893
0.053027646866319736
1.5381152252150216
0.03327013065847443
0.02261827933446569
0.4021720213503635
0.8443406694536617
0.9120927606203314
0.4084356573429074
1.028149040153559
0.04334998770785995
0.04250226280628717
0.05842051083334186
0.4014964121896927
0.4742409062397883
0.3369992994878423
0.23563209881956895
0.34786297467089394
0.618081923274434
0.25778481585912366
0.4241831027142396
0.49021404389939455
0.16039602509916986
0.08762702504607667
0.03821545358196328
0.31172406518763773
0.892478503166107
0.9717301671338099
0.5860766650561252
0.4991583384309506
0.13365879699566136
0.16761543649698493
0.04876426008469332
0.06031644722480383
0.26094891141781934
0.5428087395413752
0.8914372741580741
0.7127606472620661
0.7473943787319295
0.500438908372842
0.6569435006178294
0.2547432456672509
0.15536835396982712
0.4767159084754481
0.7412744866519897
0.7961225846786136
0.17665900031923912
0.10823138281596521
0.12229834361858499
0.10769723918038306
0.10799396910693396
0.12542054543392686
0.13468516019379972
1.456249845890874
0.21923648652441355
0.29025907718245764
0.30963005949323785
0.3797014572673655
1.0641355749088814
0.9980599390425273
1.8806860504337872
2.5219550178656416
2.537922323511513
0.7101085307361089
0.02395151106289425
0.23617469436285343
0.7074603480904278
2.03731182110399
1.0753692491953855
0.035000686260423526
0.07562814393348778
0.5063227169612656
0.12038891338813464
0.035559999632524805
0.07029368057756367
0.25659787873302864
0.5238520375009178
0.2747945162422917
0.18438315361616262
0.19616724715968842
2.277656874861556
1.9631256586474617
1.189649349007816
0.9449018007780552
1.0367004236238528
0.1308410553628293
0.15721097203289733
0.9875056489906208
0.2896635470598849
0.4227031890535429
0.6323597009427324
0.22087109250448567
3.553165620665604
0.521418980971257
2.12669435724719
1.9037227767605387
0.2538131511317962
0.9680347771086342
1.0121786105540267
0.558570713811315
0.8073846719918842
1.066370529428611
0.1260959572123704
0.10178479939262357
0.20187348249837722
0.5013609736117902
0.6940314795245516
0.17756597765622484
0.1090564270779867
0.06314144432747278
0.08157766697429125
0.6179294266583478
0.36455671910140486
0.30359395836459746
0.1548953500939866
0.9863512611050905
0.07874081476976819
0.5415092041507071
0.5086674066482296
0.7540384362315897
0.9955923071304651
0.11291162999228471
1.1695255480796123
2.0387323953928957
0.23716505610579416
0.1792854612871093
0.28348086023080304
0.4985169813294676
0.4936907362651597
0.4751611703945206
0.6098512292175889
0.28573580219413663
0.2383461875050301
0.6494916164040216
0.6310856280896745
0.6682901199371013
0.9596849885628372
1.1458898694104849
0.8286356128968618
0.2784471600320101
0.23180967175568307
0.4113701311697448
0.3836840039264669
0.4917193502891812
0.24411479090800778
0.11280194924921681
0.12691492621763326
0.15575514659616874
0.3752795510604833
0.21316332308550387
1.8014677708310665
0.2921303575267069
0.20370706008337278
0.07251428647174499
0.48408776636068723
0.02396347652619698
0.11034820154377149
1.0570092561340434
1.3559351507907644
0.06765990588427927
0.07341299489217559
0.3550038919429344
0.9496164891842686
0.8077663459052253
0.38043044296994766
0.11057806226676314
-0.3105397779774317
0.7321563746704842
1.3058657839713899
0.008460308997030788
0.6598833361546247
0.3780277269152187
0.8283604037705238
1.0699502802596532
0.5778908011085035
0.6125350038518146
0.23880579672632132
0.08331476039084032
0.09971390932169204
0.6292217731997372
0.931839408692893
0.5215206106517798
1.4258511663274243
0.6726709941735506
1.2677449763555284
0.7457587046615872
0.4260200243915503
0.28216548589320384
0.5941693675345011
0.32328209154336096
0.8496724089422403
1.7195852845968214
1.9289555714584143
0.11898675646475797
0.26932733774487644
0.5823663295713529
0.3418456448623879
0.24065120301847928
0.33080247796176365
0.04989451690721084
0.2543237727615909
0.3874692205734649
0.6117654227961631
0.743477024543866
0.7244344779701429
0.7244371167207901
0.7019137972802216
-0.2957815376645854
0.41098373879241673
0.15268679401689175
0.21126345230018598
0.27524511397956536
0.16758822032262574
0.49151663811162916
0.567051499294966
0.21462766799782998
0.4901244872680778
0.1605029592720614
0.16037451609296685
2.0991325721414964
0.8231444983864006
0.2336011412260916
0.065427961962815
0.5915092862728707
0.2853029792282315
4.738583676538761
1.2867022278676161
0.0808804475871171
0.4723683020702418
0.6902756273000497
0.8612902866092553
1.5143182230945536
0.06761247677573706
0.04649463303730153
0.03422014060872051
0.021061043007897223
0.07751798859094929
0.2659674261192196
1.3220189069428754
0.336933222676901
0.04419216773924464
0.025276466119770444
0.023702972956550567
0.07081799804752359
0.13902511418922922
0.14815470440329415
0.1231288754366108
1.1259465367730344
0.35920213732498446
0.300982324436421
0.14730481131995482
0.38287039951964214
1.6295021032637893
1.2472559416440225
0.07180899106538284
0.07665251534750064
0.37816217203765873
0.07459016865234142
0.05870744509481629
0.1232082987279486
0.17267766015331867
0.3448144593415715
0.6153256743240677
0.3747270850239524
0.29615845031728816
0.21865886051516137
0.25597821138981736
0.2596641168605792
0.6642730393466543
0.6148511339172696
0.38925149528256703
0.04798158872286146
0.03694387417342763
0.06307252757565908
0.4576315344218093
0.7232057642324268
0.36173767526490597
0.19232944796266868
0.06185058797816434
0.10857438196058755
0.2408010032481484
0.3247846079639872
0.5946712652388182
0.6963973940827209
0.5828706190314795
0.06875934361833634
0.043999145015441485
0.03259158556071175
0.033970460477120774
0.37477777008555646
0.08171894982428397
0.33838115638219657
0.15706806362083656
0.5646337052198411
0.26653429036113185
0.05212802278912677
0.10610043019508418
0.36801591974893577
0.28789758123228665
0.16355937360514028
0.3323177813235021
0.2905612194953023
0.12441773085286618
0.10921448976386543
0.1121221818585469
1.3910629278399047
1.0247710786275628
1.079292185686061
0.12409565241211877
1.0595135198951522
1.626093681925503
0.6970407074437444
0.4818000604816717
0.5056585859878086
0.5303504960569705
0.45795362890310803
0.4053665168780355
0.31218998591529556
0.12229184355490005
1.1646561001932252
0.07157311699475465
0.02977867683297155
0.028011369010708474
0.023115333136423524
0.8560317267535195
0.07419344658902399
0.042042593725658585
0.06679544811432774
0.6496348965193711
0.6745874799010884
0.6771245664613539
1.8302580109155544
-5.4876172254499735
0.3310916613716391
0.08011807573173925
0.49340690749014415
0.4955905540155149
0.7496396770449614
0.7028033252324543
0.21181344041257097
0.5213166453457853
0.4511801369994333
1.1833362831036076
0.30348902914668174
0.0369580344766632
0.03262062770588282
0.07307538745442915
0.6481290019970799
1.795215852617113
2.1337994065539907
2.592398592698251
3.4632379801173525
0.7225385570097556
0.5071106584494546
1.0622479417365953
0.638020323930846
1.0221495754404126
0.4901496178822761
0.3755487581106335
0.30733405634485206
0.1552334511351267
0.41295595375273747
1.7693933998006717
0.6584229495703322
0.7034049149898852
3.9933650724693277
-4.40850467309641
0.6490789007697659
0.6647788554187644
0.0940110158078134
0.04999198325898328
0.09483827252345946
0.4032639300880805
0.08661514994312032
0.054649400797136136
0.07854655274764656
0.09025067517064908
0.6040903935245879
0.4241481287735735
0.21889548408805987
0.05125159230428304
0.032424689735614194
0.05906649960971742
0.07819227689862185
0.10523595411721547
0.12432848191379046
0.3400545848887437
0.6830613736459185
0.11113244783314533
0.1957228734756017
0.5434143025393874
1.5132562217931824
0.598480317736271
0.23505019513876044
0.07643104120221754
0.09732938138254818
0.2544369374392977
0.7415936292805335
0.818626625127686
1.164845154506793
1.911147841518481
0.509276525497164
0.2726246992750515
0.15254678319220566
0.46212834917031165
0.45912906566508854
0.30996118956578905
0.9059981609911961
0.5952078211101405
1.2349173238153428
0.9064566325803568
0.12479047153817865
0.07385465860765131
0.4220534477117161
0.7080675330829178
0.36096715195837803
0.17884664069275463
0.04306281561970349
0.034523520270801925
0.02780321396922119
0.027317387319883552
0.02776215581669843
0.028791566217029697
0.08675915256893972
1.867739899478552
1.8473233729472152
0.1725270687200409
0.5347102723796674
0.06485424108339678
0.021300942100086494
0.021618934780679215
0.026102867348254028
0.02885430727089789
0.030326121407707976
0.09092423705271456
0.3948365094202628
0.7567132963674252
0.5283543371156367
0.6445650235735471
0.4597154157702242
0.633675386267644
0.611666135446278
1.0470391862656334
1.1129805944561317
0.10491036552215402
0.2628231938288721
0.22020821321317097
0.0411268526048756
0.024189740092634585
0.032296480945945095
0.11524877342886627
0.1641887606312646
0.20583399384594428
0.17017454231142012
0.03409808965063724
0.02907419016875062
0.6689849198251125
0.07159180269325731
0.029188007118464077
0.2509973371922484
0.09556256354851397
0.8233408739679291
0.6900162569127007
0.43362403334218813
0.029641727056612138
0.5591731721812228
0.43019582906805354
0.5472021213122262
0.3462117799830363
0.2072299558968677
0.21355432760480617
1.0458746728403305
0.2290116476528288
0.05570766634776794
0.3078097567559962
0.6946424991352267
0.5279026583107479
0.31267775075930865
0.027167970013799274
0.024455928498430826
0.09349519912810682
0.17929253346986826
0.7111541439698474
0.6084797869577598
2.1571815505070115
1.8333119437164642
0.34749434972656484
0.26172607279540283
1.15014435866234
0.8572853968662402
0.2830291341446111
0.0234060680426054
0.021052724579008093
0.021838770164442533
0.07083636448965017
0.4890634441507419
0.9605890037076964
0.3899622556449812
0.10046936976919918
0.12905312226462362
0.4320357487296747
0.4493452383403475
0.6316057436649933
0.48383534813995116
0.8129285132345118
0.6267774360546238
0.5778393401293965
0.5454625498497915
0.8331165919532697
-1.8841915708746324
0.7269511043911862
0.8168406135228985
0.3817976614463208
0.23175423330643166
0.1449300400619329
0.5696369701766035
0.46602540832768913
0.060228839070959876
0.024922777478344673
0.042122058105523656
0.06305861363266074
0.10960221658246806
0.1484077230999379
0.5241369693723386
0.14144671839364353
0.062047699679071255
0.08080284086656592
0.4979553018804843
0.2080531552520943
0.37350287294185164
0.16566235725041611
0.4619582530071564
0.6354704405194974
0.13106306400779577
0.09340305793046047
0.10907765425124114
0.08323220968610506
0.41213476395799237
0.34835833437234276
0.31385674893394133
0.23875644140256727
0.35029567210692236
0.16657428410632572
0.4692106660767233
0.6980364132476424
0.8562808975365443
0.9871958096999678
0.23802062754746475
0.15709362492717746
-0.3559574332907553
0.28746077337936105
0.555589091161475
0.21312479874093676
0.359536429870962
0.1881611120501298
0.2340581548346077
0.601683280524477
1.2886978531005053
0.36958128289101994
0.5613416774282158
0.5401194645952319
0.40230764922356543
0.47572344112555437
0.37782138367657037
0.46040486126432806
0.23057666318899084
0.06921514327246123
0.0850688661465694
0.04846430601956088
0.8878562123791547
1.5210013447556197
3.0794116536856904
0.8109842832870374
0.6134767616774782
0.12008270928129029
0.21512415035344146
1.1531331653681263
0.23950615972089687
0.2866923606456626
0.18955267622962105
0.20626976724770957
0.2055580024819112
0.17002772978846045
0.40410016018471356
0.06162385563163185
0.15509373422200717
0.14963776681480093
0.12812917370616694
0.08123661693909069
0.17265573483874314
0.4246575929399685
0.02995696172780087
0.08520388189716181
0.29447369164832554
0.19105561501128254
0.3764522945794662
0.13780738677807555
0.1880398938233782
0.5534986368978058
0.20657839419579938
0.383495494002372
0.08927491713013523
0.10029191562638355
0.656538723785512
0.22185732832991123
0.06490554913920363
0.05352047677633397
0.023111304242295704
0.0290923822528273
0.11452240060580966
0.04662773469052315
0.2473014049793886
1.702623209148781
0.6041429130588014
0.42103189425212795
0.8877891277478512
0.0936124579943502
0.0907121934081193
1.0450667212390763
1.0872924960599013
1.2961529892155408
1.2986182983662227
0.1052586998092618
0.21318276879302114
0.1218496501746116
0.1144747058719708
0.6921712641762278
0.29628630267193246
0.18958295484618234
0.10859389832036563
0.7889721591508282
0.16329292984001328
0.14293129691791806
0.6055918953909134
2.1284647655482396
0.34052043399375764
0.06070194540821818
0.04391755620779761
0.03143551600428519
0.031458563238282757
0.04022996236490176
0.08932768595005905
1.6092756393232681
0.645261285513211
0.39075833650145847
0.18997358629414718
0.025805460277798575
0.058484139881024966
0.10787836651793269
0.16224477458986028
0.8482597444134153
0.6375907651568683
0.17688139242847195
0.26765028789786477
0.5464363239126792
0.273174136201861
0.08537793663742212
0.10164345881104786
0.399527618695545
0.3114824424088244
0.2644193008819281
0.5245877688185531
0.2734253485360219
0.840334243867212
0.10533199799413556
0.12054082897831699
0.07860614165033925
0.09757304746575876
0.8046133030495611
0.6747837963144042
1.5694383318210816
1.5994375107961818
0.32666781512975746
1.9113587803747614
0.15915958293985843
0.4726298348624281
0.11362454999154492
0.05511821076002853
0.7310295783697313
0.2931187777703098
0.042923981007258825
0.025096820619790707
0.03598831694304177
0.16416631638466556
1.8381213056846972
0.8896489101041302
0.5505225121756001
0.7642848003773295
1.0238086115590879
0.9850755426647029
0.032439856681513723
0.05956797129827866
0.10684524637941456
0.12157052013575076
0.26387625738078735
1.4500276692645557
0.6132020312535502
0.39945043842538663
0.11706049418542902
0.3891768420341174
0.315583167615446
0.09760501726555136
0.3195923632571309
0.32824413764560467
2.0926303935067194
2.0000096292496274
0.2104923861567902
0.3983410953215375
0.06705793388229839
0.04975079670454664
0.49296075229573133
0.6305392541219782
0.462837109550876
0.07125572939833803
0.05056702099632871
0.06327874379396656
0.10993861552407778
0.728527411698882
0.5395560795257608
0.16464491646023985
0.2505931941101582
0.3377780791439233
0.12498558560306886
0.31941243353745985
0.06387259629659432
0.05057425692247278
0.0681257002896205
0.1164612967865255
0.22733908288400623
0.23037525322360114
0.48981620985210617
0.2695217505712627
0.40302524028964776
0.25461611034021325
0.04022258398094967
0.08373700841274362
-0.0035371204669415422
0.1307720043994433
0.28628498985701395
0.06779549945092243
0.03930340048408389
0.06467317729975357
0.9337270673903815
1.3968799637234997
0.661740117434058
0.16563200792268903
0.6237394858016804
0.3233974226438438
0.13275916969054452
0.16375467057600823
0.11166491175025302
0.16681640252480873
0.3641699148953071
0.05584703855710303
0.0940150684955635
0.3513803306011008
0.3760624077710183
0.6258074809377971
0.8132934821935658
0.16032456164262932
0.4341134517581004
0.37167752235836005
0.2879895708208155
0.07766559486120612
0.050915658056940705
0.024038607256365162
0.025428866448731952
0.06982192816227527
0.5415645861265133
0.15938853223205546
0.0815159218740765
-3.354914879302633
0.7598124603793462
0.3041984426979167
0.522266898812041
0.2469303410666997
0.04813519454849899
0.09576418369637968
0.1817516996700377
0.184131938624048
0.39599903709524803
0.09925672248452806
0.5366311959822421
0.5026994067492285
0.43594229573139104
0.2846691573484512
0.20198066745052362
0.11201199725765454
0.0880314810736455
0.04340115837058666
0.07527948889784121
0.08099092727452305
0.1263563370875192
0.9363090817403295
0.532606785855465
1.554476305041637
0.3210808213202924
0.6226876930735983
0.46002098855905044
0.9661536202430555
0.6344789554388343
0.6156547303468702
0.5701027194143563
0.4916479784154535
0.9853753721587009
0.4582829634645976
0.22443867626557154
0.054446277075471866
0.04624765620752624
0.119000392386872
0.06613612473448591
0.5153882470216736
0.14349796997042671
0.674187247048808
0.9718693378569365
0.8409726437541286
0.40394062284450105
0.48668267891364503
0.6410789758398401
0.13039665390255983
0.19836664469353005
0.4101950149550302
0.18418160234572273
0.3542313490559692
0.5112191868355069
1.0576423347103665
0.1720953600147487
0.18069599279191997
1.207252602560532
1.2454953727881675
1.0545017417171834
0.10060775014965574
0.4266758646825278
0.24338048781417904
0.14380113742762607
0.1146147183264389
0.21923667688299206
0.20337665073338815
0.04611100436798314
0.04955032261471355
0.3469404565014416
0.14449581842740458
0.5366582212873123
0.4938140101227887
0.4192941158421763
0.922494379958885
0.36054973038760185
0.14252414487061082
0.17398088470175876
0.04909813083105817
0.04902826272038656
0.8553746638113222
0.607794103301286
0.4273664880939909
-3.1209951373447793
0.6638557388637802
0.7687186517928806
0.8463183550303075
1.4655845458242456
0.5194106751144424
0.2652728200616774
0.20414066843655543
0.15251371791545276
0.5092854733338711
0.2434631524766629
0.05129822125345622
0.03996920999400444
0.038315890346675395
0.06402844977064036
0.5204359739638014
0.392685333674498
0.48351056484982347
0.6621351825116016
0.14250138135060245
0.09932256458595622
0.08815564089077173
0.31720793860340446
0.29599871805158545
0.39063480869587075
0.6751866242326056
0.8337028207134455
0.3802611003869516
0.3092558431956384
0.7390675099877928
0.05662440053172892
0.0645462508845971
0.38114793445418027
0.12950175724711893
0.08838593448251834
0.769109335819527
0.2206799445399019
0.12414560169422635
0.07590227494962981
0.1387231937514785
0.15291157227458824
0.9845033023418798
0.9082083459904019
0.11037865172867725
0.14137362531076375
0.13738728424377292
0.5354074767374649
0.2645806078373305
0.14178990707188738
0.4480506305107021
0.6214565728312752
0.2792059681855099
0.042904362241491426
0.03611572552278566
0.06246314154919786
-0.25178350583676473
0.16908029096975374
0.6937187103393264
0.3802004801368852
0.204095542260044
0.10705707295393306
0.46391892580344835
0.4536864084515997
0.46700430183902075
0.2770554149894609
0.14710129952215636
0.059304154179332054
0.06877224934309013
0.08990502357166694
0.4106137411779873
0.33394621358086235
0.04427761940724058
0.05995149019919987
0.2637530989318485
0.6346608443776978
0.8524970001174094
0.13610486641051703
0.8555275061243675
0.8866506286047667
0.36242701135727784
0.08577447488350208
0.14764630641438514
0.13976108732443923
0.11913483357132709
0.3730695908115685
0.10398590382408462
0.11399288125305278
0.4108223463810232
0.07025179184345656
0.030851891668541097
0.02960055511301501
0.13389017907054465
0.22184262677889202
0.09994988200682593
0.10156193026558295
1.9673467026125313
1.0332528417295999
1.0727473782382098
0.09477568827032375
0.534268560379142
0.27212927099722023
0.07095875277786684
0.04732296548757439
0.06263603543366493
0.27571411229105575
0.03506322193028236
0.020740711533622176
0.02090572402643856
0.024553335622637996
0.09326120637511504
0.2990631313949616
0.28406422130072373
0.43175734815549566
0.30595050625186815
0.09109621188686068
0.10438910374008267
0.2297534812734222
0.28147126245206855
2.0071282211776924
1.9266106249952306
0.16644890919488511
0.3138830048642663
0.09631946875994765
0.49528485699129726
0.17642616615170387
0.5330932954391518
0.4943952589741963
0.7051482754658556
0.9335821978077492
0.20696932806440457
0.10664737894900526
0.6980637036905599
0.3725688283088452
0.5234087905540076
0.8170844547664857
0.9830971897105771
1.1331905059000125
0.08629937368024043
0.9448687627648867
0.9858850870055486
0.2781587750711464
0.23160779236474924
0.5015568283758933
0.5862935234648539
0.23684206639438102
0.17455812910603524
0.33811507757171927
0.5292061877581193
0.16755227972897618
0.17239781948849067
1.015968260555593
0.3418357714639114
0.8633975099236973
0.1485081625848058
0.21294570037253682
0.26291709599712815
0.6503227104128951
0.40320154387073076
0.21413770088186956
0.10237147066435216
0.42893408027652385
0.24116254079849936
0.5749548249882098
0.2971662840135804
0.06941074989167627
0.04300890199188536
0.06723098969021686
0.40365107291482194
0.34127633267298124
0.41856186778913834
0.07530606489650872
0.03458171323067802
0.031418695501436784
0.029851179445659588
0.03098281469193886
0.04118909638311861
0.06897022775180155
0.1160821998145787
0.4460534810388405
0.16018171381834706
0.27346305972182217
0.6435445267587036
0.469550132906727
0.2987712916802294
0.6429126968302704
0.46294093297826017
0.5220011677870672
0.7212139435888448
0.8785532794127934
0.42265362480706936
0.10353301899952518
0.11844803950702121
0.10422523176398546
0.07853501157418437
0.700953211135952
0.6788533513505343
0.1472792151035315
0.4988004950602746
1.5641762567265711
0.0397012003700057
0.47835439806539687
0.19756457110007494
-1.1936533619934195
0.7725216052559554
0.05179780876059191
1.0029304991155505
0.5964758411864244
0.40386042470010075
0.11282543464760494
0.2318674301757894
2.811791625162779
0.9952833432583065
-6.1541870750558285
0.5300168689536688
0.3585654517894758
0.18749934754252054
0.06885377387532891
0.11099402946717446
0.5735203853497207
0.0745566835534369
0.08658924827971537
0.10803373921465088
0.4162321839876205
1.3270085745050528
1.3826171996267413
0.2043554665703072
0.14882719402090724
0.5394531059727312
0.4134609680521493
0.03462411656094878
-0.021917155598074504
0.038702944976445774
0.03950109069860379
0.03415577447563994
0.08289432308033101
0.05028350001418001
0.07994787773817864
0.069160816995367
-0.20731717334178992
0.038353578724929074
0.04543575472528612
0.050991656857279126
0.055772303451626745
0.06683243318582628
0.04717761107290446
0.5309924025987123
0.2577695977390969
0.06330401505095926
0.05735761426319297
0.37796492702092427
0.14534209194309383
0.19500903630017008
0.0475809127410379
0.6082020126934444
0.32667336453916307
0.16208094179487975
0.20735566328067667
0.4237868982897754
0.1910913486336799
0.23109747094685426
0.34210223798201667
0.26489310643699987
0.12866293075763746
0.2593148848712289
0.07326138150941401
0.07189964633787917
0.1318468808610046
0.046968699841326726
0.618840853187601
0.2824652738112106
0.05362771851263412
0.38507712687743245
0.3331228754249524
0.34613004645659523
0.13712637375909603
0.11204461752554117
0.16770904907045017
0.21604391968186826
