
|1
|2
|3
|4
|5
|6
|7


|1
|2
|3
|4
|5
|6
|7


|1
|2
|3
|4
|5
|6
|7


|1
|2
|3
|4
|5
|6
|7


|1
|2
|3
|4
|5
|6
|7


|1
|2
|3
|4
|5
|6
|7


|1
|2
|3
|4
|5
|6
|7


|1
|2
|3
|4
|5
|6
|7


|1
|2
|3
|4
|5
|6
|7
2008 Mar

|1
|2
|3
|4
|5
|6
|7


|1
|2
|3
|4
|5
|6
|7


|1
|2
|3
|4
|5
|6
|7


|1
|2
|3
|4
|5
|6
|7


|1
|2
|3
|4
|5
|6
|7


|1
|2
|3
|4
|5
|6
|7


|1
|2
|3
|4
|5
|6
|7


|1
|2
|3
|4
|5
|6
|7


|1
|2
|3
|4
|5
|6
|7


|1
|2
|3
|4
|5
|6
|7


|1
|2
|3
|4
|5
|6
|7


|1
|2
|3
|4
|5
|6
|7


|1
|2
|3
|4
|5
|6
|7
2008

|1
|2
|3
|4
|5
|6
|7


|1
|2
|3
|4
|5
|6
|7

