100.0 100.0
95.83300000000001 100.0
100.0 100.0
95.08100000000002 100.0
100.0 100.0
95.91800000000002 97.95900000000002
100.0 100.0
100.0 100.0
100.0 100.0
95.744 100.0
96.296 100.0
100.0 100.0
98.461 98.461
98.245 100.0
100.0 100.0
96.666 98.333
96.363 98.181
100.0 100.0
100.0 100.0
100.0 100.0
100.0 100.0
100.0 100.0
89.361 100.0
100.0 100.0
100.0 100.0
92.45200000000001 92.45200000000001
100.0 100.0
100.0 100.0
95.34800000000001 95.34800000000001
100.0 100.0
100.0 100.0
100.0 100.0
100.0 100.0
98.275 98.275
100.0 100.0
100.0 100.0
100.0 100.0
96.226 96.226
100.0 100.0
100.0 100.0
93.75 93.75
96.0 100.0
95.83300000000001 100.0
100.0 100.0
97.95900000000002 100.0
96.363 100.0
100.0 100.0
100.0 100.0
100.0 100.0
100.0 100.0
95.34800000000001 95.34800000000001
100.0 100.0
100.0 100.0
100.0 100.0
97.95900000000002 100.0
100.0 100.0
95.555 100.0
100.0 100.0
89.795 89.795
100.0 100.0
95.744 100.0
100.0 100.0
98.0 100.0
100.0 100.0
100.0 100.0
100.0 100.0
94.339 94.339
100.0 100.0
100.0 100.0
100.0 100.0
100.0 100.0
96.363 96.363
100.0 100.0
100.0 100.0
100.0 100.0
100.0 100.0
95.08100000000002 100.0
100.0 100.0
94.117 94.117
95.65200000000002 100.0
96.551 100.0
100.0 100.0
100.0 100.0
96.153 96.153
94.915 98.305
100.0 100.0
100.0 100.0
98.148 98.148
100.0 100.0
100.0 100.0
100.0 100.0
100.0 100.0
100.0 100.0
100.0 100.0
86.274 86.274
100.0 100.0
100.0 100.0
100.0 100.0
100.0 100.0
100.0 100.0
94.642 98.214
100.0 100.0
94.23 94.23
98.039 100.0
100.0 100.0
100.0 100.0
95.744 100.0
94.339 100.0
100.0 100.0
96.363 100.0
98.076 98.076
92.15600000000002 92.15600000000002
100.0 100.0
100.0 100.0
95.91800000000002 100.0
100.0 100.0
100.0 100.0
100.0 100.0
100.0 100.0
100.0 100.0
94.117 96.078
100.0 100.0
100.0 100.0
100.0 100.0
100.0 100.0
100.0 100.0
100.0 100.0
95.744 100.0
100.0 100.0
100.0 100.0
96.153 98.076
100.0 100.0
100.0 100.0
100.0 100.0
94.0 94.0
100.0 100.0
98.0 100.0
100.0 100.0
100.0 100.0
100.0 100.0
97.95900000000002 100.0
98.076 98.076
100.0 100.0
100.0 100.0
100.0 100.0
100.0 100.0
78.26 89.13
89.09 98.181
76.086 78.26
89.473 91.228
72.916 83.333
87.5 95.31200000000001
87.272 96.363
89.655 98.275
87.5 97.91599999999998
86.956 97.826
83.333 93.75
88.059 95.522
87.671 94.52
78.571 90.476
85.416 95.83300000000001
80.952 83.333
83.72 86.046
88.679 98.113
87.755 97.95900000000002
87.5 97.91599999999998
87.5 96.428
84.0 94.0
85.454 94.545
82.142 91.071
91.54900000000002 98.591
85.714 83.333
80.0 90.0
76.0 86.0
93.684 98.947
84.0 94.0
86.538 88.461
89.655 98.275
87.234 97.87200000000001
78.181 87.272
89.655 98.275
87.719 96.49099999999999
86.538 96.153
87.234 97.87200000000001
82.0 92.0
83.636 92.727
86.0 88.0
90.0 98.333
87.5 97.91599999999998
96.49099999999999 96.49099999999999
91.228 91.228
91.48899999999999 93.617
92.307 92.307
96.923 96.923
92.857 91.071
92.15600000000002 96.078
93.22 96.61
91.666 93.75
92.0 96.0
91.111 95.555
91.304 93.478
92.0 96.0
92.45200000000001 96.226
81.818 85.454
91.48899999999999 95.744
95.744 95.744
96.774 96.774
80.645 96.774
88.888 88.888
77.142 91.42800000000001
97.36800000000001 97.36800000000001
94.117 94.117
97.674 97.674
90.0 90.0
82.352 88.235
78.787 87.878
57.141999999999996 64.285
68.852 73.77
54.347 60.869
59.523 66.666
67.307 73.076
58.139 65.116
60.0 66.666
64.444 71.111
22.448 48.979000000000006
46.29599999999999 46.29599999999999
35.294 60.784
47.169 56.603
33.333 49.019
28.301 49.056
54.23700000000001 54.23700000000001
55.737 55.737
48.387 48.387
52.541999999999994 61.016
40.0 40.0
56.25 56.25
45.614 68.421
48.148 57.407
55.0 55.0
51.51499999999999 51.51499999999999
44.0 54.0
32.758 44.827
30.612 46.938
53.448 53.448
48.387 48.387
60.24 60.24
25.862000000000002 44.827
48.333 70.0
22.448 48.979000000000006
55.0 55.0
51.785 51.785
28.570999999999998 44.897
60.294 60.294
57.812 57.812
51.785 51.785
37.313 52.23799999999999
31.818 52.272
47.692 60.0
25.454 49.09
50.769 50.769
41.379 41.379
30.0 46.0
47.169 56.603
50.0 70.967
47.54 47.54
43.396 52.83
49.206 49.206
47.169 56.603
41.509 66.037
33.333 49.206
30.769 55.769
40.983 40.983
25.454 49.09
47.457 69.491
49.152 57.627
51.666 51.666
52.631 52.631
45.614 68.421
44.444 53.703
32.258 48.387
48.333 70.0
45.762 45.762
49.253 49.253
49.206 69.841
31.034 44.827
39.583 50.0
45.0 45.0
34.782 54.347
18.867 43.396
31.372 41.176
60.0 60.0
55.737 55.737
32.608 60.869
37.735 62.264
31.578 43.859
53.448 53.448
37.5 56.25
32.727 50.909
31.578 43.859
45.762 45.762
44.642 67.857
57.141999999999996 57.141999999999996
47.169 56.603
55.072 73.913
37.288 54.23700000000001
54.929 54.929
51.724000000000004 60.344
50.0 70.967
52.23799999999999 52.23799999999999
49.206 49.206
42.0 54.0
49.122 59.649
52.83 96.226
40.909 86.363
59.322 98.305
57.894 98.245
42.857 97.61899999999999
30.952 85.714
48.0 88.0
55.555 98.148
50.0 97.91599999999998
44.897 91.836
43.478 86.956
50.0 97.91599999999998
51.02 97.95900000000002
40.0 84.444
55.555 98.148
50.0 88.461
80.701 85.964
78.26 78.26
71.428 73.809
71.111 75.555
81.25 81.25
72.5 75.0
68.181 75.0
79.591 83.673
75.0 81.25
77.083 83.333
76.086 78.26
77.777 80.0
82.0 82.0
78.26 80.434
63.461 65.384
80.851 80.851
80.392 82.352
77.272 77.272
82.0 82.0
73.469 75.51
83.018 84.905
76.666 81.666
67.924 73.584
83.606 85.245
70.909 83.636
80.851 80.851
77.777 81.481
76.0 76.0
78.431 80.392
80.392 86.274
69.565 69.565
73.17 75.609
82.0 82.0
83.333 83.333
82.352 84.313
83.333 88.888
69.565 76.086
79.545 79.545
79.591 79.591
83.333 83.333
80.851 80.851
71.111 77.777
69.387 71.428
78.26 78.26
77.777 84.444
78.431 80.392
78.26 80.434
76.595 78.723
67.241 74.137
75.0 76.785
80.392 86.274
82.0 82.0
80.0 80.0
75.925 81.481
83.05 83.05
76.19 78.571
75.0 81.25
76.744 79.069
84.905 84.905
69.565 76.086
76.19 78.571
78.431 80.392
80.0 86.0
79.069 86.046
83.928 83.928
79.591 79.591
71.428 73.469
81.034 84.482
74.509 76.47
82.0 82.0
80.434 80.434
82.692 82.692
69.565 76.086
79.069 79.069
66.666 73.333
70.454 70.454
72.549 80.392
73.913 76.086
67.441 72.093
76.595 82.978
80.434 80.434
75.555 77.777
80.0 80.0
72.222 77.777
81.632 81.632
72.727 75.0
85.0 86.666
82.352 82.352
77.551 79.591
79.591 81.632
75.555 77.777
80.392 86.274
81.818 84.09
80.769 80.769
78.723 78.723
76.595 78.723
81.355 86.44
80.851 80.851
73.17 78.048
69.23 75.0
67.307 71.153
75.51 73.469
82.352 82.352
69.047 76.19
77.551 81.632
85.714 90.476
77.777 80.0
79.545 81.818
82.142 83.928
75.0 80.769
74.468 80.851
70.212 72.34
78.26 80.434
70.0 70.0
75.0 77.272
82.352 82.352
80.0 81.538
71.111 77.777
77.777 82.222
79.545 79.545
79.591 81.632
82.352 82.352
71.428 78.571
80.392 86.274
84.482 84.482
78.723 80.851
72.916 79.166
77.083 81.25
84.21 84.21
82.692 88.461
70.588 76.47
76.595 76.595
81.632 81.632
81.132 81.132
76.595 78.723
80.392 82.352
83.018 84.905
76.086 82.608
76.0 82.0
82.0 82.0
71.111 77.777
75.471 81.132
78.571 85.714
84.482 89.655
82.142 83.928
78.571 80.952
75.51 79.591
96.0 96.0
96.0 98.0
98.0 98.0
87.931 87.931
93.333 97.777
96.721 98.36
96.078 96.078
95.91800000000002 95.91800000000002
85.714 85.714
95.83300000000001 97.91599999999998
98.181 98.181
96.0 98.0
93.617 93.617
89.361 89.361
92.857 95.238
81.25 81.25
94.444 94.444
93.478 97.826
85.106 95.744
86.666 95.555
90.909 93.181
94.545 96.363
98.305 98.305
84.0 86.0
87.755 93.877
98.039 98.039
91.48899999999999 93.617
97.91599999999998 100.0
98.113 98.113
97.91599999999998 97.91599999999998
88.372 90.697
95.45400000000001 95.45400000000001
93.333 97.777
89.655 94.827
98.305 98.305
98.039 98.039
90.697 93.023
95.91800000000002 97.95900000000002
95.744 95.744
98.076 98.076
97.95900000000002 97.95900000000002
82.0 94.0
93.181 95.45400000000001
92.857 92.857
92.857 95.238
93.75 95.83300000000001
82.456 87.719
81.818 87.272
81.132 86.792
78.846 84.615
80.769 86.538
81.69 85.915
76.923 82.692
75.51 77.551
76.47 78.431
71.428 76.19
82.539 87.301
78.947 84.21
71.153 76.923
83.333 87.878
76.0 78.0
71.153 76.923
67.307 69.23
84.126 88.888
74.545 80.0
74.509 80.392
80.645 85.483
82.456 87.719
76.0 78.0
73.076 78.846
73.076 78.846
76.785 82.142
80.952 85.714
85.294 89.705
82.089 86.567
76.0 78.0
81.818 87.272
75.0 80.769
81.355 86.44
48.148 69.135
37.662 59.74
43.835 67.123
41.772 63.291
38.571 62.857
44.594 67.567
95.65200000000002 95.65200000000002
96.923 96.923
46.753 68.831
46.052 68.421
95.744 95.744
93.75 95.83300000000001
38.571 62.857
46.153 67.948
37.681 62.318
32.394 56.338
37.681 62.318
40.845 64.788
96.61 96.61
48.78 69.512
89.361 91.48899999999999
33.333 55.128
46.153 67.948
39.726 63.013
43.835 67.123
38.571 62.857
41.428 65.714
92.45200000000001 92.45200000000001
47.43500000000001 69.23
46.987 67.469
43.835 67.123
50.0 70.731
46.835 68.354
53.932 73.033
96.153 96.153
46.25 67.5
38.888 62.5
47.43500000000001 69.23
45.333 68.0
91.304 95.65200000000002
43.243 66.216
45.454 67.532
46.753 68.831
96.49099999999999 96.49099999999999
38.75 60.0
48.101 69.62
96.0 96.0
89.655 89.655
43.421 65.789
52.873 72.413
48.148 69.135
44.155 66.233
48.809 69.047
51.19 71.428
48.101 69.62
42.857 42.857
49.206 50.793
70.149 95.522
91.111 95.555
95.65200000000002 95.65200000000002
67.088 84.81
96.296 96.296
94.117 96.078
65.573 68.852
69.642 69.642
96.363 96.363
56.81799999999999 59.09
61.403 64.912
95.65200000000002 95.65200000000002
96.153 96.153
87.692 89.23
96.078 96.078
61.764 82.352
61.764 82.352
96.363 96.363
93.64999999999999 96.825
53.521 54.929
69.23 71.153
95.91800000000002 95.91800000000002
53.061 57.141999999999996
96.078 96.078
96.0 96.0
88.0 88.0
59.649 63.157
59.322 59.322
66.666 68.421
95.744 95.744
96.296 96.296
93.548 93.548
60.376999999999995 64.15
60.273 79.452
96.078 96.078
91.111 93.333
68.518 68.518
92.98200000000001 94.736
64.705 66.666
63.265 77.551
63.888 83.333
50.0 51.51499999999999
93.877 95.91800000000002
66.666 68.518
65.333 84.0
68.253 95.238
93.333 95.555
96.296 96.296
64.583 64.583
90.56600000000002 96.226
61.702 63.829
55.769 59.615
95.744 95.744
60.0 94.0
62.264 94.339
92.15600000000002 96.078
95.83300000000001 95.83300000000001
47.272 47.272
96.551 96.551
59.322 59.322
66.666 68.518
61.194 82.089
61.764 82.352
66.0 66.0
64.864 83.783
96.0 96.0
86.956 93.478
91.666 95.83300000000001
70.175 70.175
65.384 67.307
96.226 96.226
50.0 51.51499999999999
96.226 96.226
96.078 96.078
61.194 82.089
95.83300000000001 95.83300000000001
59.677 93.548
45.454 51.51499999999999
91.304 95.65200000000002
95.91800000000002 95.91800000000002
95.91800000000002 95.91800000000002
55.102 57.141999999999996
64.912 94.736
61.194 82.089
95.83300000000001 95.83300000000001
62.962 94.444
94.642 96.428
62.264 62.264
96.078 96.078
62.962 68.518
90.909 96.363
96.296 96.296
70.0 71.666
93.181 93.181
89.795 93.877
95.65200000000002 95.65200000000002
96.226 96.226
94.117 94.117
95.555 95.555
96.296 96.296
63.076 63.076
96.61 96.61
96.61 96.61
96.226 96.226
67.272 69.09
95.91800000000002 95.91800000000002
58.62 58.62
94.117 96.078
95.45400000000001 95.45400000000001
63.076 95.384
61.764 82.352
60.0 81.538
94.642 96.428
60.0 81.538
93.478 95.65200000000002
94.117 96.078
61.224 65.306
50.769 52.307
90.476 95.238
90.476 95.238
50.745999999999995 52.23799999999999
96.0 96.0
64.285 94.642
96.363 96.363
63.461 65.384
51.351 51.351
52.631 53.947
55.932 79.661
95.83300000000001 95.83300000000001
51.51499999999999 53.03
95.91800000000002 95.91800000000002
96.428 96.428
96.226 96.226
63.636 63.636
58.974 60.256
96.296 96.296
96.363 96.363
66.037 79.245
75.0 76.562
95.31200000000001 96.875
96.226 96.226
66.666 66.666
91.666 96.666
65.517 94.827
55.769 88.461
58.974 60.256
67.901 85.185
53.846 94.23
96.61 96.61
52.23799999999999 53.731
64.383 83.561
63.043 78.26
68.0 70.0
58.49 62.264
65.333 84.0
69.811 71.698
62.962 94.444
61.194 82.089
93.617 95.744
65.957 68.085
93.023 95.34800000000001
93.333 96.666
96.0 96.0
96.153 96.153
96.078 96.078
95.238 95.238
53.521 54.929
96.078 96.078
96.0 96.0
96.363 96.363
64.705 66.666
94.117 94.117
61.194 82.089
90.697 95.34800000000001
96.428 96.428
60.317 60.317
60.376999999999995 64.15
49.295 49.295
96.61 96.61
91.37900000000002 94.827
93.617 93.617
96.428 96.428
64.705 66.666
67.857 69.642
67.187 68.75
96.078 96.078
61.904 61.904
93.478 95.65200000000002
96.078 96.078
95.65200000000002 95.65200000000002
95.65200000000002 95.65200000000002
94.444 94.444
75.384 76.923
67.213 95.08100000000002
70.175 70.175
60.655 60.655
95.555 95.555
94.117 96.078
64.285 94.642
96.61 96.61
65.333 84.0
71.186 83.05
68.75 68.75
94.736 96.49099999999999
96.153 96.153
96.296 96.296
96.153 96.153
96.428 96.428
96.296 96.296
73.437 73.437
51.785 57.141999999999996
55.555 56.79
95.83300000000001 95.83300000000001
62.318 82.608
70.0 71.666
63.076 63.076
63.157 63.157
66.037 79.245
92.0 94.0
69.811 71.698
67.307 80.769
89.285 89.285
63.265 65.306
95.65200000000002 95.65200000000002
68.965 70.689
58.426 59.55
95.83300000000001 95.83300000000001
56.25 91.666
57.894 94.736
63.636 95.45400000000001
52.631 52.631
91.525 96.61
50.0 73.333
50.0 50.0
54.285 55.714
54.23700000000001 59.322
63.265 77.551
62.5 66.071
95.83300000000001 95.83300000000001
67.307 80.769
91.666 91.666
62.857 82.857
60.0 63.636
63.076 95.384
63.793 67.241
56.923 78.461
63.461 65.384
56.862 60.784
95.83300000000001 95.83300000000001
60.655 95.08100000000002
54.0 58.0
62.264 94.339
65.517 65.517
66.666 68.518
95.744 95.744
61.111 64.814
56.81799999999999 56.81799999999999
63.888 83.333
95.91800000000002 95.91800000000002
93.617 95.744
61.194 82.089
96.078 96.078
95.744 95.744
59.375 81.25
62.318 82.608
92.307 96.153
93.877 95.91800000000002
92.59199999999998 94.444
40.0 41.666
62.711 66.101
65.306 79.591
58.695 60.869
95.744 95.744
67.567 95.945
60.416 62.5
92.307 94.23
93.877 95.91800000000002
58.064 61.29
59.615 92.307
45.901 47.54
57.894 57.894
62.857 82.857
94.915 96.61
62.5 81.944
40.845 40.845
95.83300000000001 95.83300000000001
60.0 94.0
67.272 69.09
95.744 95.744
67.088 84.81
60.97500000000001 62.195
62.711 66.101
44.23 61.538
96.0 96.0
85.714 87.5
57.776999999999994 62.222
60.465 76.744
53.521 54.929
94.23 96.153
95.744 95.744
96.363 96.363
64.444 66.666
96.551 96.551
67.307 80.769
91.666 95.83300000000001
93.617 95.744
96.0 96.0
96.226 96.226
95.83300000000001 95.83300000000001
66.101 94.915
70.422 73.239
62.666 81.333
62.857 82.857
64.406 67.796
59.15400000000001 78.873
63.38 83.098
96.49099999999999 96.49099999999999
96.296 96.296
68.627 70.588
59.615 61.538
49.295 50.70400000000001
52.23799999999999 53.731
94.915 96.61
52.0 53.333
40.322 41.935
65.517 94.827
60.0 62.222
93.75 93.75
95.65200000000002 95.65200000000002
64.705 66.666
96.721 96.721
96.551 96.551
64.285 94.642
95.65200000000002 95.65200000000002
89.09 90.909
64.0 78.0
67.741 69.354
69.23 71.153
58.461000000000006 80.0
55.0 60.0
65.306 79.591
55.555 55.555
65.714 95.714
96.226 96.226
96.61 96.61
67.924 81.132
96.226 96.226
60.0 81.538
95.65200000000002 95.65200000000002
69.09 69.09
65.714 95.714
58.333 60.416
62.857 82.857
56.0 60.0
59.259 62.962
69.491 81.355
96.226 96.226
58.064 80.645
66.666 68.75
91.666 95.83300000000001
66.666 95.0
63.636 94.545
96.363 96.363
66.037 67.924
52.112 53.521
65.306 79.591
92.307 94.23
81.818 81.818
53.333 55.555
65.306 65.306
96.0 96.0
96.363 96.363
94.545 96.363
96.296 96.296
78.313 79.518
93.617 95.744
56.164 57.53399999999999
96.296 96.296
67.307 67.307
68.75 95.31200000000001
59.322 94.915
70.689 82.758
58.064 61.29
94.02899999999998 94.02899999999998
96.296 96.296
50.94299999999999 54.716
93.478 95.65200000000002
60.465 76.744
61.224 63.265
96.666 96.666
93.333 95.555
60.0 80.0
70.37 72.222
96.0 96.0
96.153 96.153
63.157 64.912
51.47 52.941
50.745999999999995 52.23799999999999
63.38 83.098
83.333 92.857
95.238 95.238
63.636 65.909
53.846 53.846
53.061 57.141999999999996
91.111 93.333
59.375 60.937
95.555 95.555
55.555 56.944
69.491 71.186
61.764 82.352
64.285 64.285
60.465 76.744
96.078 96.078
97.14199999999998 97.14199999999998
93.617 93.617
68.75 95.31200000000001
53.968 76.19
66.666 68.75
83.333 87.5
88.888 95.555
96.078 96.078
96.153 96.153
68.965 70.689
94.545 96.363
65.517 65.517
58.333 60.416
50.769 52.307
64.285 94.642
64.179 64.179
86.363 95.45400000000001
63.636 63.636
57.141999999999996 79.365
96.0 96.0
95.83300000000001 95.83300000000001
97.101 97.101
61.818 92.727
59.322 94.915
96.49099999999999 96.49099999999999
69.23 71.153
70.909 72.727
52.23799999999999 53.731
55.555 56.944
72.413 74.137
82.608 91.304
50.684 52.054
94.827 96.551
96.0 96.0
64.705 78.431
96.0 96.0
96.0 96.0
95.555 95.555
88.372 90.697
54.929 56.338
50.684 52.054
95.83300000000001 95.83300000000001
96.49099999999999 96.49099999999999
63.461 65.384
66.666 80.392
55.555 94.444
65.306 79.591
70.0 71.666
67.307 69.23
94.117 94.117
94.23 96.153
95.121 95.121
96.296 96.296
49.122 52.631
95.744 95.744
68.852 72.131
89.583 91.666
65.384 67.307
88.888 96.296
67.307 80.769
96.296 96.296
94.444 96.296
95.555 95.555
66.666 68.75
68.518 81.481
95.91800000000002 95.91800000000002
56.756 58.108
67.307 80.769
95.83300000000001 95.83300000000001
66.666 69.841
73.015 84.126
68.965 70.689
65.517 65.517
63.636 94.545
56.451 61.29
94.736 94.736
69.811 71.698
96.226 96.226
65.306 79.591
65.384 67.307
91.48899999999999 95.744
96.0 96.0
95.555 95.555
95.34800000000001 95.34800000000001
58.441 59.74
96.61 96.61
85.365 95.121
95.45400000000001 95.45400000000001
95.45400000000001 95.45400000000001
66.666 66.666
95.91800000000002 95.91800000000002
65.333 84.0
62.352 63.529
65.573 68.852
67.741 67.741
96.428 96.428
93.548 96.774
96.363 96.363
58.62 94.827
58.0 60.0
66.666 84.615
96.296 96.296
96.078 96.078
64.383 83.561
63.461 65.384
63.38 83.098
94.339 96.226
57.575 78.787
53.968 76.19
60.714 64.285
60.493 61.728
65.306 79.591
94.23 96.153
59.615 63.461
63.461 65.384
95.91800000000002 95.91800000000002
95.238 95.238
96.153 96.153
96.078 96.078
94.827 96.551
92.0 92.0
95.744 95.744
96.551 96.551
96.0 96.0
96.0 96.0
94.642 96.428
96.078 96.078
91.48899999999999 95.744
93.442 95.08100000000002
95.45400000000001 95.45400000000001
96.296 96.296
95.744 95.744
90.909 95.45400000000001
96.078 96.078
96.551 96.551
96.49099999999999 96.49099999999999
96.078 96.078
95.08100000000002 96.721
96.296 96.296
95.744 95.744
94.736 94.736
96.825 96.825
96.296 96.296
97.101 97.101
96.153 96.153
96.0 96.0
89.13 89.13
95.83300000000001 95.83300000000001
96.721 96.721
94.545 96.363
96.923 96.923
91.071 92.857
96.226 96.226
96.825 96.825
91.836 95.91800000000002
93.75 93.75
96.363 96.363
96.078 96.078
96.61 96.61
96.296 96.296
91.666 93.75
91.37900000000002 93.103
95.45400000000001 95.45400000000001
93.75 93.75
90.909 96.363
92.857 96.428
96.078 96.078
63.157 63.157
54.716 60.376999999999995
67.164 68.656
67.187 68.75
62.5 62.5
63.888 65.277
65.0 65.0
64.406 64.406
65.0 65.0
65.0 65.0
66.129 67.741
60.376999999999995 62.264
66.129 66.129
61.111 61.111
63.157 64.912
70.833 72.222
63.492 65.079
66.666 66.666
58.181 61.818
68.181 68.181
58.823 60.784
62.5 64.285
60.376999999999995 62.264
67.187 67.187
64.406 64.406
66.129 67.741
64.406 66.101
63.157 64.912
66.666 68.181
68.181 69.696
66.129 66.129
62.068 63.793
62.711 62.711
63.157 63.157
62.5 65.625
67.692 67.692
67.692 69.23
62.903 64.516
95.555 95.555
95.744 95.744
96.0 96.0
96.078 96.078
96.226 96.226
95.34800000000001 95.34800000000001
95.121 95.121
95.65200000000002 95.65200000000002
96.923 96.923
96.153 96.153
88.679 92.45200000000001
96.61 96.61
94.545 96.363
96.226 96.226
96.428 96.428
95.744 95.744
96.0 96.0
96.078 96.078
95.65200000000002 95.65200000000002
96.296 96.296
95.744 95.744
96.226 96.226
96.363 96.363
94.339 94.339
95.83300000000001 95.83300000000001
96.363 96.363
96.875 96.875
96.078 96.078
93.478 95.65200000000002
95.91800000000002 95.91800000000002
96.49099999999999 96.49099999999999
96.551 96.551
96.078 96.078
96.153 96.153
96.0 96.0
94.444 96.296
96.551 96.551
55.223 56.71600000000001
50.819 62.295
53.225 64.516
56.71600000000001 67.164
57.971 57.971
61.842 61.842
48.275000000000006 60.344
50.819 52.459
57.352 57.352
56.06 66.666
56.06 56.06
52.459 63.934
54.411 64.705
48.333 60.0
56.71600000000001 67.164
57.352 67.647
53.968 65.079
53.225 64.516
51.666 63.333
56.71600000000001 67.164
61.842 71.052
46.29599999999999 46.29599999999999
52.459 63.934
50.847 62.711
55.384 66.153
51.612 53.225
58.571 58.571
61.842 71.052
55.882000000000005 66.176
56.06 66.666
53.968 65.079
51.666 51.666
54.285 64.285
53.846 55.384
56.71600000000001 67.164
59.722 69.444
53.968 53.968
56.06 66.666
63.855 72.289
50.0 61.666
45.28300000000001 45.28300000000001
49.18 60.655
57.352 67.647
43.103 55.172
53.03 63.636
50.847 62.711
57.352 67.647
53.846 55.384
56.06 66.666
49.18 52.459
55.384 66.153
55.384 66.153
45.28300000000001 58.49
62.068 70.114
53.968 65.079
55.384 55.384
51.51499999999999 54.544999999999995
54.687 54.687
53.968 53.968
50.847 62.711
53.846 53.846
46.551 50.0
95.83300000000001 95.83300000000001
95.555 95.555
95.0 95.0
96.0 96.0
89.361 91.48899999999999
95.83300000000001 95.83300000000001
96.078 96.078
96.363 96.363
89.361 95.744
95.91800000000002 95.91800000000002
96.153 96.153
94.915 96.61
96.363 96.363
96.0 96.0
95.555 95.555
96.49099999999999 96.49099999999999
95.65200000000002 95.65200000000002
89.583 89.583
95.83300000000001 95.83300000000001
95.65200000000002 95.65200000000002
95.45400000000001 95.45400000000001
97.014 97.014
95.83300000000001 95.83300000000001
95.45400000000001 95.45400000000001
88.888 88.888
96.907 97.938
95.34800000000001 95.34800000000001
92.68199999999999 95.121
96.666 96.666
95.45400000000001 95.45400000000001
94.117 96.078
96.0 96.0
83.72 93.023
96.0 96.0
95.83300000000001 95.83300000000001
95.83300000000001 95.83300000000001
95.91800000000002 95.91800000000002
95.83300000000001 95.83300000000001
95.744 95.744
81.818 81.818
96.078 96.078
96.296 96.296
90.243 95.121
95.555 95.555
96.0 96.0
91.666 93.75
93.478 95.65200000000002
95.238 95.238
91.304 93.478
91.666 93.75
93.617 93.617
96.296 96.296
95.65200000000002 95.65200000000002
95.83300000000001 95.83300000000001
95.45400000000001 95.45400000000001
95.83300000000001 95.83300000000001
93.181 93.181
95.744 95.744
96.078 96.078
95.34800000000001 95.34800000000001
95.34800000000001 95.34800000000001
93.617 93.617
86.046 95.34800000000001
95.744 95.744
95.744 95.744
95.83300000000001 95.83300000000001
95.65200000000002 95.65200000000002
96.078 96.078
95.83300000000001 95.83300000000001
95.91800000000002 95.91800000000002
96.0 96.0
95.91800000000002 95.91800000000002
95.34800000000001 95.34800000000001
96.153 96.153
94.642 96.428
63.636 72.727
61.538 70.769
61.29 70.967
60.0 70.0
57.141999999999996 67.857
54.716 66.037
61.904 61.904
59.322 59.322
57.894 68.421
52.941 52.941
60.655 70.491
59.322 69.491
61.904 61.904
56.363 56.363
61.29 70.967
56.896 67.241
55.555 66.666
57.141999999999996 67.857
55.357 57.141999999999996
54.838 61.29
61.29 70.967
64.705 64.705
61.29 70.967
63.768 65.217
53.846 53.846
59.322 69.491
57.627 67.796
56.363 56.363
57.141999999999996 67.857
64.179 64.179
58.62 58.62
57.141999999999996 57.141999999999996
56.363 56.363
61.904 71.428
55.737 60.655
63.076 72.307
60.655 70.491
62.5 62.5
56.14 56.14
46.29599999999999 46.29599999999999
52.631 57.894
62.5 71.875
64.179 73.134
57.894 57.894
53.846 65.384
60.655 70.491
67.532 68.831
56.363 67.272
52.0 52.0
52.941 52.941
67.123 67.123
65.714 65.714
57.894 68.421
59.322 69.491
95.83300000000001 95.83300000000001
96.226 96.226
96.666 96.666
95.522 97.014
96.0 96.0
96.49099999999999 96.49099999999999
96.551 96.551
95.83300000000001 95.83300000000001
96.226 96.226
96.153 96.153
96.226 96.226
96.428 96.428
97.05799999999999 97.05799999999999
96.153 96.153
96.428 96.428
95.45400000000001 95.45400000000001
96.428 96.428
96.296 96.296
96.296 96.296
90.0 96.0
94.444 94.444
96.551 96.551
96.153 96.153
91.304 95.65200000000002
96.428 96.428
96.078 96.078
96.296 96.296
96.774 96.774
96.226 96.226
95.91800000000002 95.91800000000002
96.153 96.153
68.627 82.352
68.75 92.187
96.875 98.437
64.705 68.627
66.666 66.666
66.666 92.15600000000002
97.36800000000001 100.0
82.222 82.222
64.814 77.777
72.0 92.0
64.705 94.117
62.0 92.0
72.881 72.881
68.253 92.063
69.23 92.307
71.83 92.957
58.823 58.823
74.509 94.117
65.517 91.37900000000002
66.666 92.98200000000001
58.333 83.333
65.517 91.37900000000002
69.09 81.818
71.428 83.928
66.666 82.352
66.666 79.629
57.141999999999996 63.492
60.0 87.272
61.403 61.403
63.265 63.265
64.516 66.129
63.043 78.26
66.037 79.245
70.454 93.181
74.025 93.506
71.428 71.428
81.818 86.363
68.75 92.187
53.225 59.677
60.869 78.26
67.796 67.796
65.454 92.727
64.0 94.0
63.636 63.636
65.853 68.292
61.702 61.702
68.085 68.085
67.741 91.93499999999999
65.454 83.636
71.186 83.05
68.518 68.518
68.0 82.0
61.818 61.818
65.573 90.163
62.5 81.25
57.692 59.615
70.491 95.08100000000002
98.333 98.333
63.043 63.043
98.66600000000001 98.66600000000001
55.737 62.295
67.187 90.625
65.517 91.37900000000002
67.391 89.13
75.0 86.111
75.862 77.586
97.297 100.0
71.428 92.857
64.15 81.132
58.181 85.454
62.068 87.931
63.793 89.655
53.061 55.102
75.0 94.23
88.372 88.372
57.812 64.062
66.666 66.666
69.23 92.307
65.079 79.365
71.428 73.469
75.384 75.384
66.0 80.0
70.967 72.58
56.603 58.49
65.306 79.591
63.829 78.723
61.971 67.605
88.0 90.0
57.692 57.692
63.793 63.793
60.0 80.0
68.627 68.627
47.368 54.385
58.0 58.0
51.063 68.085
64.583 81.25
64.406 89.83
65.573 90.163
66.666 70.37
52.459 59.016
73.469 73.469
65.909 77.272
61.818 65.454
58.0 58.0
65.454 65.454
67.741 91.93499999999999
54.544999999999995 70.454
67.924 92.45200000000001
65.306 65.306
57.141999999999996 63.492
68.421 94.736
69.387 69.387
58.49 86.792
70.588 92.647
90.625 93.75
66.666 81.481
65.517 91.37900000000002
68.518 92.59199999999998
89.13 89.13
98.305 98.305
60.0 60.0
98.181 98.181
68.656 91.04399999999998
54.544999999999995 81.818
66.0 80.0
67.857 94.642
58.333 89.583
63.636 90.909
60.0 86.0
55.555 66.666
68.421 94.736
56.603 60.376999999999995
63.265 67.346
62.711 62.711
58.695 78.26
60.416 91.666
66.666 88.888
57.692 59.615
60.869 93.478
72.222 72.222
57.812 64.062
65.079 65.079
68.627 68.627
74.0 94.0
71.186 72.881
58.49 58.49
69.09 83.636
70.175 70.175
67.924 81.132
68.965 68.965
62.5 64.583
98.181 98.181
73.584 92.45200000000001
57.141999999999996 63.492
60.0 87.272
55.0 61.666
67.857 94.642
73.333 75.0
57.692 65.384
56.923 63.076
71.929 71.929
62.5 62.5
60.294 66.176
63.829 78.723
64.444 64.444
69.767 93.023
59.701 65.671
54.716 83.018
61.403 61.403
60.0 67.272
75.384 75.384
68.627 68.627
61.904 64.285
59.574 76.595
69.23 82.692
70.422 91.54900000000002
67.741 91.93499999999999
57.141999999999996 57.141999999999996
91.666 97.22199999999998
59.259 59.259
62.711 64.406
61.538 87.179
56.862 58.823
66.666 94.444
96.296 98.148
67.307 69.23
54.838 61.29
63.934 88.524
61.702 61.702
59.016 83.606
69.09 83.636
55.172 81.034
66.666 90.476
93.548 96.774
66.0 82.0
67.741 91.93499999999999
56.81799999999999 59.09
68.75 92.187
67.272 80.0
70.909 83.636
74.509 94.117
63.793 89.655
69.047 92.857
77.966 94.915
70.588 70.588
72.727 72.727
62.686 85.074
67.187 90.625
66.101 91.525
72.602 93.15
60.416 77.083
55.769 55.769
67.924 67.924
86.666 88.888
76.363 76.363
75.0 94.23
68.421 80.701
76.119 86.567
71.666 85.0
77.5 82.5
59.574 78.723
62.0 80.0
71.698 71.698
72.222 72.222
75.0 75.0
98.181 98.181
61.666 86.666
77.966 77.966
73.333 95.0
64.0 94.0
62.711 62.711
69.642 82.142
63.265 79.591
98.305 98.305
60.0 60.0
60.0 87.272
73.846 73.846
69.09 70.909
71.428 94.642
61.016 61.016
94.87100000000001 97.43500000000002
65.822 70.886
59.701 65.671
70.0 95.0
72.727 95.45400000000001
96.969 93.939
89.795 89.795
88.571 91.42800000000001
57.692 57.692
65.625 89.062
72.222 81.481
97.91599999999998 97.91599999999998
71.428 73.015
66.0 80.0
73.529 79.411
57.776999999999994 77.777
64.0 94.0
54.544999999999995 81.818
63.934 88.524
96.363 98.181
63.461 88.461
57.141999999999996 63.492
68.75 79.166
67.346 67.346
65.517 91.37900000000002
61.111 61.111
67.272 90.909
71.428 80.357
70.175 70.175
64.406 89.83
59.574 59.574
57.141999999999996 63.492
63.461 78.846
66.666 91.666
67.272 94.545
70.909 94.545
60.344 86.206
73.333 73.333
63.793 65.517
58.208 64.179
51.388 56.944
61.224 69.387
62.0 76.0
94.366 95.774
59.722 65.277
69.23 92.307
66.0 82.0
65.079 66.666
72.881 84.745
58.695 78.26
69.23 92.307
62.903 64.516
72.602 93.15
57.812 64.062
66.037 94.339
72.34 93.617
58.928 60.714
71.014 92.753
70.0 71.666
71.929 71.929
58.823 58.823
98.333 98.333
98.305 98.305
66.666 82.352
60.714 60.714
57.692 57.692
68.085 68.085
70.37 94.444
62.5 62.5
57.141999999999996 60.714
55.813 72.093
67.441 90.697
60.344 62.068
65.573 90.163
72.972 93.24300000000001
60.0 87.272
77.142 77.142
70.909 83.636
74.0 94.0
66.666 91.666
65.517 91.37900000000002
67.692 90.769
60.376999999999995 88.679
69.491 72.881
69.117 91.17600000000002
54.544999999999995 70.454
59.574 91.48899999999999
92.5 97.5
69.811 94.339
98.039 98.039
97.72700000000002 97.72700000000002
68.627 94.117
64.406 89.83
74.509 94.117
66.666 66.666
66.666 92.15600000000002
67.346 67.346
72.222 72.222
61.111 61.111
61.224 77.551
71.739 93.478
72.972 93.24300000000001
72.413 94.827
71.739 93.478
70.212 72.34
72.413 94.827
68.518 81.481
71.929 94.736
59.259 61.111
67.213 91.803
69.354 69.354
55.31900000000001 55.31900000000001
54.347 54.347
73.469 93.877
74.603 74.603
65.384 94.23
69.09 83.636
62.264 77.358
71.186 72.881
57.446 63.829
61.538 84.615
63.793 89.655
56.451 62.903
56.14 82.456
69.354 82.258
62.711 88.135
68.518 81.481
68.627 68.627
97.87200000000001 97.87200000000001
71.014 92.753
60.0 60.0
66.0 66.0
76.47 82.352
60.784 64.705
62.068 87.931
75.471 75.471
66.666 82.352
69.491 94.915
72.222 93.055
72.34 93.617
63.333 88.333
73.684 93.421
64.15 92.45200000000001
70.175 92.98200000000001
60.714 60.714
75.925 94.444
70.149 92.537
70.0 70.0
55.737 62.295
98.113 98.113
70.689 93.103
60.0 90.0
83.673 87.755
64.0 69.333
69.642 83.928
69.23 82.692
59.375 82.812
67.741 91.93499999999999
76.712 86.301
72.413 72.413
82.926 87.804
73.846 93.846
72.222 93.055
57.141999999999996 58.928
70.689 82.758
68.181 68.181
90.769 92.307
59.183 89.795
61.016 61.016
65.079 65.079
59.42 65.217
60.317 84.126
61.666 86.666
94.736 98.245
64.912 91.228
71.666 83.333
73.584 75.471
62.068 62.068
68.518 81.481
76.785 94.642
57.141999999999996 58.928
61.403 61.403
65.384 80.769
69.491 94.915
62.222 77.777
73.469 93.877
68.518 83.333
91.666 94.444
90.0 96.666
87.234 89.361
98.113 98.113
66.666 90.476
60.714 62.5
73.469 73.469
67.213 91.803
73.77 73.77
67.346 81.632
71.111 93.333
59.09 93.181
65.306 81.632
74.603 95.238
69.387 73.469
64.444 64.444
76.47 95.58800000000001
55.737 62.295
70.175 84.21
61.428 67.142
98.412 98.412
60.784 62.745
70.689 70.689
64.0 68.0
73.77 95.08100000000002
61.403 87.719
62.5 79.166
61.363 65.909
84.21 89.473
48.93600000000001 68.085
64.583 79.166
70.689 82.758
58.73 82.539
63.636 70.909
70.37 83.333
73.076 92.307
69.09 81.818
68.253 92.063
87.037 88.888
70.149 92.537
59.615 59.615
62.068 87.931
87.878 100.0
65.0 90.0
60.714 87.5
68.965 81.034
90.909 93.939
95.91800000000002 97.95900000000002
91.42800000000001 94.285
64.814 92.59199999999998
58.571 64.285
72.602 93.15
56.896 82.758
59.259 59.259
57.692 86.538
75.925 94.444
60.0 60.0
71.153 80.769
67.924 81.132
84.444 84.444
64.516 66.129
64.406 64.406
59.259 87.037
75.362 86.956
96.721 98.36
56.896 82.758
72.58 83.87
67.857 71.428
60.869 78.26
52.631 59.649
68.0 82.0
71.666 73.333
64.285 64.285
59.701 65.671
60.376999999999995 88.679
69.696 92.42399999999999
62.903 64.516
62.068 63.793
59.259 59.259
98.113 98.113
59.016 83.606
70.0 70.0
69.09 83.636
69.23 69.23
63.829 78.723
65.306 79.591
56.862 56.862
56.25 60.416
74.193 95.161
67.924 81.132
63.829 80.851
69.696 92.42399999999999
67.741 91.93499999999999
66.666 70.37
58.333 62.5
64.912 91.228
55.0 61.666
77.966 94.915
64.179 64.179
64.0 90.0
65.0 65.0
65.517 91.37900000000002
62.162 67.567
70.0 91.42800000000001
66.037 75.471
72.916 72.916
64.814 68.518
68.0 82.0
71.739 93.478
77.192 94.736
67.741 91.93499999999999
67.187 90.625
69.696 92.42399999999999
64.516 88.709
68.0 66.0
54.09799999999999 60.655
72.881 72.881
60.655 62.295
64.583 81.25
65.0 65.0
54.544999999999995 70.454
60.0 86.0
63.829 80.851
51.785 58.928
63.636 90.909
61.428 67.142
66.666 91.666
64.285 91.071
98.437 98.437
63.265 81.632
68.627 68.627
51.612 62.903
97.72700000000002 98.863
65.306 65.306
66.666 91.666
73.77 73.77
67.857 71.428
96.363 98.181
63.636 70.909
67.272 80.0
61.403 87.719
62.5 79.166
65.909 65.909
57.812 64.062
67.241 93.103
66.666 66.666
60.376999999999995 60.376999999999995
72.881 72.881
63.265 81.632
68.965 84.482
58.62 60.344
96.226 98.113
69.811 94.339
63.043 78.26
62.5 81.25
71.739 93.478
75.471 94.339
70.588 92.647
74.603 95.238
75.925 94.444
70.588 90.196
78.688 95.08100000000002
71.111 71.111
74.0 94.0
71.111 93.333
71.428 73.469
68.888 71.111
61.904 66.666
68.627 88.235
74.509 94.117
67.5 92.5
75.0 94.23
69.767 69.767
73.77 90.163
66.666 69.047
74.509 94.117
73.684 77.192
76.363 76.363
75.0 76.666
74.509 74.509
74.0 94.0
74.545 92.727
72.34 72.34
71.111 71.111
72.916 93.75
71.428 73.469
67.307 75.0
73.469 93.877
72.34 93.617
70.833 91.666
72.881 74.576
72.222 90.74
74.509 94.117
69.767 69.767
73.469 73.469
74.074 92.59199999999998
75.925 94.444
74.509 74.509
76.363 94.545
51.219 56.097
68.292 68.292
68.181 72.727
59.523 66.666
69.09 81.818
61.363 90.909
94.23 94.23
70.0 70.0
92.0 94.0
89.13 95.65200000000002
76.47 76.47
65.116 93.023
90.909 94.545
90.476 90.476
62.745 76.47
60.869 89.13
45.945 64.864
65.384 65.384
77.777 77.777
62.962 75.925
57.141999999999996 73.809
63.043 63.043
58.333 72.916
95.0 95.0
90.196 90.196
66.071 78.571
63.461 65.384
92.98200000000001 92.98200000000001
76.0 94.0
93.023 93.023
90.196 94.117
73.333 73.333
66.0 80.0
63.829 65.957
66.666 93.333
84.444 91.111
70.175 82.456
60.869 60.869
67.307 67.307
66.071 67.857
74.509 74.509
92.45200000000001 94.339
88.372 93.023
64.583 79.166
85.714 90.476
61.702 63.829
88.372 88.372
71.428 75.51
88.636 90.909
94.444 94.444
94.117 94.117
58.139 58.139
93.023 93.023
67.307 80.769
65.116 86.046
63.043 78.26
66.666 90.74
63.265 77.551
63.043 67.391
67.391 86.956
53.333 68.888
63.461 65.384
69.23 94.23
69.811 94.339
93.877 93.877
62.5 92.5
94.117 94.117
58.0 84.0
73.333 73.333
92.68199999999999 92.68199999999999
94.117 94.117
93.478 93.478
64.0 90.0
74.576 74.576
89.795 93.877
85.416 85.416
62.745 76.47
89.13 91.304
91.836 91.836
74.0 74.0
89.795 89.795
94.117 94.117
72.222 72.222
94.23 94.23
63.636 84.09
60.416 85.416
85.106 85.106
68.627 68.627
70.689 82.758
66.666 80.392
64.583 91.666
89.795 89.795
54.761 85.714
93.478 93.478
78.181 78.181
51.219 56.097
86.666 88.888
93.478 93.478
93.181 93.181
94.642 94.642
70.0 91.666
67.391 67.391
93.617 93.617
74.468 74.468
84.782 84.782
76.0 76.0
94.23 94.23
93.181 93.181
94.827 94.827
95.061 95.061
94.117 94.117
68.75 68.75
93.877 93.877
91.111 91.111
87.804 95.121
93.333 93.333
90.909 90.909
93.478 93.478
61.702 76.595
71.186 71.186
87.755 93.877
91.111 91.111
93.617 93.617
77.966 79.661
88.372 88.372
93.023 93.023
78.26 89.13
75.0 92.307
91.304 93.478
69.23 71.153
88.095 92.857
68.292 65.853
90.243 87.804
68.0 94.0
60.0 64.0
57.776999999999994 73.333
66.0 92.0
57.776999999999994 62.222
83.333 92.59199999999998
61.224 65.306
88.372 93.023
67.924 81.132
91.48899999999999 91.48899999999999
90.476 90.476
56.81799999999999 72.727
67.924 81.132
70.37 94.444
83.333 83.333
81.818 84.09
78.125 78.125
94.545 94.545
90.476 92.857
65.957 93.617
63.265 89.795
62.5 62.5
93.181 93.181
85.714 85.714
71.698 94.339
91.304 93.478
94.23 94.23
58.139 74.418
92.45200000000001 92.45200000000001
69.09 81.818
91.48899999999999 93.617
65.384 78.846
92.727 94.545
69.09 69.09
70.689 93.103
76.47 76.47
86.046 86.046
94.0 94.0
53.061 57.141999999999996
43.589 61.538
64.444 93.333
66.0 66.0
86.956 86.956
81.25 81.25
64.15 77.358
54.544999999999995 84.09
87.234 93.617
90.697 90.697
60.416 87.5
70.212 70.212
77.272 77.272
92.727 92.727
87.234 91.48899999999999
65.957 65.957
68.085 68.085
92.307 92.307
52.5 70.0
92.45200000000001 94.339
72.131 93.442
93.478 93.478
90.56600000000002 90.56600000000002
92.15600000000002 94.117
75.0 75.0
68.627 74.509
90.56600000000002 92.45200000000001
89.13 93.478
88.888 88.888
44.736 47.368
93.877 93.877
82.692 84.615
93.877 93.877
62.5 77.083
65.306 65.306
63.265 77.551
81.132 94.339
93.478 93.478
93.22 94.915
90.243 87.804
93.478 93.478
69.387 69.387
94.545 94.545
56.81799999999999 59.09
94.0 94.0
61.538 86.538
59.09 59.09
68.627 94.117
92.0 94.0
94.642 94.642
56.81799999999999 84.09
82.352 88.235
59.09 75.0
94.642 94.642
70.0 72.0
94.444 94.444
62.264 66.037
62.222 73.333
70.0 81.666
60.0 74.0
87.234 93.617
67.272 90.909
75.51 75.51
88.372 93.023
89.795 93.877
94.642 94.642
69.23 94.23
50.0 65.909
63.636 67.272
55.769 69.23
63.265 89.795
78.181 94.545
94.736 94.736
68.627 92.15600000000002
69.767 69.767
70.689 70.689
94.339 94.339
73.333 73.333
91.37900000000002 94.827
90.196 92.15600000000002
75.0 93.181
83.783 83.783
86.792 86.792
74.468 93.617
76.785 92.857
91.304 91.304
54.385 68.421
64.15 88.679
93.333 93.333
94.339 94.339
58.333 66.666
76.923 94.23
93.617 93.617
74.509 76.47
73.214 73.214
73.333 73.333
94.642 94.642
92.15600000000002 94.117
93.333 93.333
67.346 93.877
93.617 93.617
69.09 92.727
93.478 93.478
69.491 91.525
68.085 93.617
94.339 94.339
89.361 93.617
52.38 69.047
93.617 93.617
86.0 86.0
90.909 93.181
73.469 75.51
62.745 88.235
91.48899999999999 93.617
76.923 94.23
46.666 57.776999999999994
65.384 78.846
60.376999999999995 84.905
60.376999999999995 73.584
88.372 93.023
88.095 92.857
68.518 81.481
57.141999999999996 73.809
94.339 94.339
91.48899999999999 93.617
66.666 92.15600000000002
70.0 94.0
72.58 93.548
90.196 92.15600000000002
61.702 76.595
74.468 93.617
90.909 94.545
68.965 68.965
65.384 78.846
88.888 88.888
71.929 94.736
92.307 92.307
94.0 94.0
64.705 90.196
69.23 94.23
94.545 94.545
55.31900000000001 82.978
66.037 66.037
67.272 90.909
88.461 94.23
69.387 69.387
88.888 100.0
68.181 68.181
78.181 78.181
52.272 81.818
69.23 94.23
84.09 84.09
73.333 93.333
38.636 59.09
92.727 92.727
86.666 88.888
74.509 76.47
70.37 92.59199999999998
51.219 51.219
68.0 86.0
55.31900000000001 70.212
85.106 85.106
62.5 77.083
93.333 93.333
90.56600000000002 94.339
75.0 75.0
78.947 78.947
94.545 94.545
65.306 69.387
70.175 82.456
93.181 93.181
67.346 85.714
91.666 93.75
94.23 94.23
70.833 75.0
87.234 93.617
93.75 93.75
91.666 91.666
57.692 71.153
66.666 93.75
94.0 94.0
63.265 63.265
88.372 93.023
52.083 52.083
93.75 93.75
62.222 77.777
70.37 94.444
93.333 93.333
70.0 94.0
68.965 68.965
91.666 91.666
90.74 94.444
94.339 94.339
71.698 94.339
78.181 78.181
62.962 87.037
94.0 94.0
56.862 70.588
84.09 86.363
59.09 75.0
72.093 93.023
92.307 94.23
64.705 78.431
95.0 96.25
69.047 71.428
92.59199999999998 92.59199999999998
94.0 94.0
72.34 91.48899999999999
69.387 69.387
93.617 93.617
94.736 94.736
78.431 78.431
91.666 91.666
63.265 77.551
88.679 92.45200000000001
94.444 94.444
90.56600000000002 92.45200000000001
90.909 88.636
86.538 94.23
94.545 94.545
89.795 93.877
94.23 94.23
93.617 93.617
93.442 93.442
86.363 90.909
87.234 91.48899999999999
86.046 90.697
91.48899999999999 93.617
92.0 92.0
93.617 93.617
86.666 86.666
94.0 94.0
94.642 94.642
94.23 94.23
93.75 93.75
92.45200000000001 94.339
93.877 93.877
93.478 93.478
92.0 92.0
92.307 92.307
94.23 94.23
90.74 94.444
93.75 93.75
94.545 94.545
77.083 91.666
92.15600000000002 94.117
87.272 90.909
87.755 89.795
89.655 93.103
95.0 95.0
93.103 93.103
91.48899999999999 93.617
86.956 89.13
93.023 93.023
88.636 95.45400000000001
93.181 93.181
90.56600000000002 90.56600000000002
93.75 93.75
90.909 92.727
83.333 93.75
89.09 94.545
94.827 94.827
89.795 93.877
89.795 93.877
89.855 89.855
86.274 86.274
93.75 93.75
94.339 94.339
93.877 93.877
93.103 94.827
94.915 94.915
92.59199999999998 92.59199999999998
88.135 88.135
94.117 94.117
93.442 95.08100000000002
95.08100000000002 95.08100000000002
86.666 88.333
93.548 93.548
94.339 94.339
89.13 93.478
89.795 91.836
92.857 94.642
87.037 94.444
94.545 94.545
91.111 88.888
88.679 94.339
94.915 94.915
95.161 95.161
95.08100000000002 95.08100000000002
94.545 94.545
88.235 92.15600000000002
95.08100000000002 95.08100000000002
83.333 83.333
94.642 94.642
93.75 93.75
94.339 94.339
94.545 94.545
90.625 92.187
89.361 93.617
90.384 94.23
94.0 94.0
93.22 93.22
94.545 94.545
94.339 94.339
94.117 94.117
93.548 95.161
94.827 94.827
89.361 89.361
88.679 88.679
95.0 95.0
94.23 94.23
95.08100000000002 95.08100000000002
94.23 94.23
86.792 94.339
94.736 94.736
94.444 94.444
92.59199999999998 94.444
91.228 91.228
92.727 92.727
86.666 88.888
90.909 92.727
88.135 94.915
92.15600000000002 94.117
92.0 94.0
94.736 94.736
92.0 94.0
93.478 93.478
93.877 93.877
80.392 90.196
87.234 87.234
89.583 93.75
89.361 93.617
93.75 93.75
90.384 90.384
87.5 91.666
91.836 93.877
89.795 93.877
86.538 86.538
90.74 94.444
93.333 93.333
87.5 94.444
87.755 93.877
88.888 88.888
93.478 93.478
96.428 96.428
96.296 96.296
98.305 98.305
83.928 83.928
94.117 94.117
95.65200000000002 95.65200000000002
94.0 94.0
93.75 93.75
91.071 96.428
95.161 95.161
98.148 98.148
93.333 93.333
96.153 98.076
88.888 88.888
95.45400000000001 100.0
92.59199999999998 94.444
90.0 90.0
98.181 98.181
83.928 89.285
98.36 98.36
98.148 98.148
94.23 94.23
98.039 98.039
86.363 95.45400000000001
91.42800000000001 91.42800000000001
94.0 94.0
95.0 95.0
94.87100000000001 100.0
97.91599999999998 97.91599999999998
98.113 98.113
89.83 89.83
100.0 100.0
98.305 98.305
81.355 89.83
88.235 88.235
89.583 95.83300000000001
97.95900000000002 97.95900000000002
92.0 92.0
98.0 98.0
95.65200000000002 95.65200000000002
98.076 98.076
95.91800000000002 95.91800000000002
91.42800000000001 91.42800000000001
98.333 98.333
81.632 87.755
97.91599999999998 97.91599999999998
89.83 89.83
98.181 98.181
89.473 92.98200000000001
86.538 92.307
93.75 93.75
92.857 92.857
98.148 98.148
83.673 87.755
96.49099999999999 96.49099999999999
89.583 95.83300000000001
98.039 98.039
98.412 98.412
93.75 93.75
98.076 98.076
83.72 90.697
91.48899999999999 93.617
89.285 89.285
93.442 93.442
96.0 98.0
97.95900000000002 97.95900000000002
98.039 98.039
83.72 83.72
89.285 89.285
93.877 93.877
76.0 76.0
94.545 94.545
93.617 93.617
91.111 91.111
80.851 93.617
84.905 84.905
86.363 86.363
98.181 98.181
92.0 98.0
97.95900000000002 97.95900000000002
93.877 93.877
83.333 83.333
84.905 90.56600000000002
85.714 85.714
98.148 98.148
91.48899999999999 93.617
83.606 83.606
80.645 85.483
94.642 94.642
98.148 98.148
94.0 96.0
98.076 98.076
98.039 98.039
90.56600000000002 90.56600000000002
98.039 98.039
98.245 98.245
93.617 93.617
95.91800000000002 97.95900000000002
93.333 93.333
93.64999999999999 93.64999999999999
89.13 95.65200000000002
93.442 93.442
98.275 98.275
98.181 98.181
94.23 94.23
86.538 92.307
90.196 94.117
94.23 96.153
89.83 98.305
92.727 92.727
84.444 91.111
84.0 84.0
98.0 98.0
88.679 88.679
98.148 98.148
98.0 98.0
87.096 90.322
92.59199999999998 94.444
80.392 90.196
86.274 98.039
93.333 96.666
92.307 94.23
87.5 87.5
94.736 96.49099999999999
96.0 96.0
98.0 98.0
97.95900000000002 97.95900000000002
98.076 98.076
89.583 91.666
93.181 93.181
88.888 88.888
88.888 88.888
98.076 98.076
98.181 98.181
95.744 91.48899999999999
94.23 98.076
98.305 98.305
91.666 91.666
87.301 88.888
96.551 96.551
98.275 98.275
91.666 93.75
96.875 98.437
98.275 98.275
98.275 98.275
98.113 98.113
98.0 98.0
90.909 98.181
93.877 93.877
98.113 98.113
92.59199999999998 96.296
85.964 92.98200000000001
94.642 94.642
88.524 98.36
94.736 96.49099999999999
98.275 98.275
98.214 98.214
97.95900000000002 97.95900000000002
98.305 98.305
89.583 91.666
94.827 98.275
87.5 87.5
96.078 96.078
93.478 97.826
98.461 98.461
98.461 98.461
98.305 98.305
98.305 98.305
98.113 98.113
97.87200000000001 97.87200000000001
98.0 98.0
98.113 98.113
92.45200000000001 98.113
98.461 98.461
98.245 98.245
91.666 95.83300000000001
91.666 91.666
98.039 98.039
94.736 98.245
98.437 98.437
94.915 94.915
98.245 98.245
95.91800000000002 95.91800000000002
87.037 90.74
92.063 93.64999999999999
83.87 98.387
94.339 98.113
96.551 96.551
95.0 95.0
86.956 93.478
96.49099999999999 96.49099999999999
98.113 98.113
94.736 98.245
98.275 98.275
98.113 98.113
98.484 98.484
92.59199999999998 92.59199999999998
81.481 94.444
94.23 94.23
91.666 97.91599999999998
87.5 98.214
98.333 98.333
98.305 98.305
92.59199999999998 92.59199999999998
98.181 98.181
94.827 94.827
87.719 94.736
98.275 98.275
98.245 98.245
92.45200000000001 98.113
96.49099999999999 98.245
95.08100000000002 98.36
98.039 98.039
94.23 98.076
94.339 98.113
94.642 96.428
98.305 98.305
98.0 98.0
98.275 98.275
98.181 98.181
93.103 98.275
85.245 91.803
96.363 98.181
93.75 93.75
98.214 98.214
97.95900000000002 97.95900000000002
98.245 98.245
98.412 98.412
98.214 98.214
98.076 98.076
98.275 98.275
97.95900000000002 97.95900000000002
89.583 97.91599999999998
86.0 94.0
93.75 93.75
91.836 91.836
89.795 93.877
98.305 98.305
58.974 94.87100000000001
56.41 61.538
72.413 96.551
64.583 93.75
54.544999999999995 60.606
62.79 67.441
78.723 82.978
51.351 56.756
67.741 74.193
56.097 60.97500000000001
35.294 76.47
77.551 81.632
37.5 81.25
62.79 95.34800000000001
63.636 69.696
47.058 88.235
52.631 89.473
58.333 63.888
72.916 77.083
47.058 88.235
7.692 12.82
70.27 75.675
10.256 15.384
67.307 71.153
66.666 72.727
59.375 65.625
62.79 67.441
54.544999999999995 60.606
72.972 78.378
55.555 94.444
47.058 88.235
22.222 22.222
63.043 67.391
58.064 64.516
19.047 23.809
50.0 88.888
81.132 84.905
59.459 64.864
62.0 90.0
58.823 64.705
63.157 68.421
61.363 81.818
62.5 66.666
60.97500000000001 65.853
69.23 73.076
20.833 25.0
61.702 91.48899999999999
66.666 72.222
50.0 88.888
45.238 50.0
52.941 58.823
55.263 78.947
21.739 28.260000000000005
52.631 52.631
58.974 64.102
33.333 72.222
46.153 82.051
72.222 77.777
42.424 84.848
63.636 68.181
77.777 82.222
60.97500000000001 65.853
59.09 63.636
7.692 30.769
59.09 90.909
69.696 75.757
50.0 55.263
55.263 92.105
69.23 74.358
69.811 73.584
52.5 57.5
58.823 64.705
56.756 89.189
41.509 45.28300000000001
53.846 89.743
36.363 78.787
22.222 26.666
15.217 26.086
57.141999999999996 61.904
57.575 63.636
52.083 56.25
64.444 68.888
58.536 63.414
34.0 38.0
59.375 65.625
64.705 68.627
59.459 64.864
54.761 88.095
62.5 68.75
52.631 89.473
59.523 64.285
56.097 60.97500000000001
51.219 56.097
58.536 92.68199999999999
72.727 75.757
77.272 81.818
47.058 82.352
56.25 62.5
64.583 68.75
57.776999999999994 88.888
58.974 64.102
65.789 71.052
65.853 70.731
69.047 73.809
50.0 55.555
47.058 52.941
12.82 15.384
52.5 57.5
68.421 73.684
67.5 72.5
7.692 12.82
65.957 70.212
72.972 78.378
10.526 10.526
46.153 51.28199999999999
51.28199999999999 56.41
52.941 94.117
62.79 67.441
45.238 50.0
59.09 70.454
52.777 83.333
67.567 72.972
48.387 83.87
56.756 94.594
51.351 89.189
53.846 58.974
64.814 68.518
46.875 84.375
63.414 68.292
67.5 72.5
70.37 74.074
75.555 80.0
69.696 75.757
54.544999999999995 60.606
77.272 81.818
80.357 83.928
52.631 89.473
41.935 83.87
53.846 53.846
65.0 70.0
54.285 60.0
48.214 51.785
17.073 19.512
79.591 83.673
56.41 82.051
70.909 74.545
20.93 25.581
13.157 10.526
63.636 69.696
48.71699999999999 84.615
42.424 42.424
57.141999999999996 61.904
56.41 61.538
61.363 65.909
39.393 81.818
65.909 70.454
72.972 78.378
65.957 70.212
48.648 54.054
15.0 17.5
52.5 57.5
64.444 68.888
15.384 12.82
57.575 63.636
51.28199999999999 56.41
52.631 57.894
65.306 69.387
51.428000000000004 91.42800000000001
61.29 83.87
67.567 72.972
70.27 75.675
48.57099999999999 88.571
54.285 60.0
54.544999999999995 59.09
68.292 73.17
56.097 60.97500000000001
47.058 47.058
57.141999999999996 61.904
56.81799999999999 61.363
58.064 64.516
10.526 10.526
37.5 81.25
63.636 68.181
37.5 72.5
53.658 58.536
61.363 65.909
67.346 71.428
50.0 54.761
70.689 74.137
15.384 12.82
60.97500000000001 65.853
45.0 50.0
88.372 93.023
91.525 94.915
90.0 95.0
84.615 89.743
88.524 91.803
93.877 97.95900000000002
92.59199999999998 96.296
88.888 93.333
94.545 98.181
93.333 97.777
89.361 93.617
88.636 95.45400000000001
88.636 93.181
88.095 92.857
89.361 93.617
93.181 97.72700000000002
88.461 91.025
82.978 87.234
93.478 97.826
87.5 91.666
81.818 86.363
87.692 90.769
93.877 97.95900000000002
92.45200000000001 96.226
93.617 97.87200000000001
84.782 89.13
93.333 97.777
92.307 96.153
94.827 98.275
87.5 92.5
81.395 81.395
87.5 87.5
90.74 94.444
94.915 98.305
95.238 98.412
83.673 87.755
90.476 95.238
94.117 98.039
87.234 91.48899999999999
87.804 92.68199999999999
94.827 98.275
94.117 98.039
88.461 90.384
89.361 93.617
90.384 94.23
76.744 86.046
73.015 77.777
91.666 91.666
91.666 95.83300000000001
91.304 95.65200000000002
83.333 92.59199999999998
92.15600000000002 96.078
86.792 94.339
93.877 97.95900000000002
93.75 97.91599999999998
93.617 97.87200000000001
87.272 87.272
80.487 87.804
80.0 88.888
89.795 93.877
94.117 98.039
95.238 98.412
85.416 87.5
91.111 95.555
86.666 86.666
93.75 97.91599999999998
93.023 97.674
14.285 14.285
34.883 37.209
46.153 46.153
48.148 48.148
16.666 30.555
17.647 17.647
37.777 40.0
26.829 26.829
36.17 36.17
41.666 41.666
34.883 34.883
18.918 18.918
34.09 34.09
23.076 28.205
53.968 55.555
17.142 20.0
7.692 20.512
46.29599999999999 48.148
12.244 24.489
15.384 23.076
8.571 14.285
17.073 29.268
21.052 21.052
11.764000000000001 14.704999999999998
16.666 16.666
35.555 37.777
28.570999999999998 30.952
35.555 35.555
25.0 34.09
43.137 45.098
8.333 16.666
15.789 21.052
25.0 25.0
34.883 34.883
31.818 34.09
23.684 21.052
20.512 28.205
40.816 42.857
13.953 25.581
28.888 28.888
14.634 19.512
21.052 23.684
23.076 23.076
36.363 36.363
15.0 27.5
31.707 31.707
23.076 23.076
8.823 23.529
21.052 21.052
42.857 42.857
32.608 36.956
14.285 14.285
36.363 36.363
18.181 20.454
29.268 31.707
27.906 30.232
8.823 23.529
47.169 47.169
11.764000000000001 14.704999999999998
49.09 50.909
41.666 43.75
9.523 21.428
24.324 27.027
7.894 21.052
40.425 42.553
42.0 44.0
34.883 37.209
27.659 34.042
36.363 36.363
25.0 25.0
34.782 32.608
21.052 23.684
42.857 42.857
33.333 33.333
50.0 51.724000000000004
16.279 25.581
30.0 30.0
21.052 21.052
29.268 31.707
23.076 23.076
16.666 28.570999999999998
41.666 41.666
16.666 19.444
37.777 37.777
15.789 28.947
21.739 32.608
16.666 16.666
15.384 17.948
14.285 14.285
34.782 36.956
25.640999999999995 28.205
16.666 16.666
26.829 26.829
21.052 23.684
24.324 24.324
42.0 44.0
7.5 20.0
44.0 46.0
25.0 25.0
27.5 30.0
16.666 19.444
30.0 32.5
17.948 30.769
16.666 19.444
45.098 45.098
36.363 36.363
24.39 26.829
9.09 24.242
40.425 40.425
43.396 45.28300000000001
45.238 64.285
40.0 40.0
40.0 40.0
58.49 58.49
47.727000000000004 47.727000000000004
48.88799999999999 66.666
52.172999999999995 52.172999999999995
53.061 69.387
55.769 55.769
43.902 63.414
44.444 44.444
56.862 56.862
52.172999999999995 52.172999999999995
53.061 69.387
54.16599999999999 54.16599999999999
54.0 70.0
48.88799999999999 48.88799999999999
59.259 59.259
42.857 42.857
47.727000000000004 65.909
50.0 67.391
57.692 57.692
54.16599999999999 54.16599999999999
38.636 56.81799999999999
56.363 70.909
63.492 76.19
50.97999999999999 54.901
53.061 53.061
51.923 51.923
47.82600000000001 65.217
41.463 41.463
56.603 71.698
46.511 46.511
54.901 70.588
54.16599999999999 54.16599999999999
40.476 59.523
55.555 55.555
37.209 55.813
53.191 53.191
34.21 34.21
34.21 55.263
50.0 67.391
35.135 35.135
45.238 64.285
50.0 50.0
45.652 63.043
54.716 69.811
54.901 54.901
51.923 67.307
50.0 66.0
38.636 38.636
50.909 54.544999999999995
46.808 63.829
41.304 58.695
43.181 43.181
50.97999999999999 50.97999999999999
51.923 67.307
50.94299999999999 66.037
53.703 68.518
45.652 63.043
45.652 63.043
46.808 63.829
51.923 67.307
51.923 67.307
42.857 44.897
48.148 53.703
37.5 57.5
45.652 45.652
50.0 66.0
45.833 62.5
43.181 61.363
42.222 60.0
56.862 58.823
60.344 62.068
57.692 59.615
56.862 58.823
60.0 61.818
50.0 52.272
62.068 62.068
56.0 58.0
53.061 55.102
54.16599999999999 56.25
61.403 63.157
50.0 52.172999999999995
47.82600000000001 50.0
62.068 63.793
54.16599999999999 56.25
57.407 59.259
46.666 48.88799999999999
60.714 62.5
50.0 50.0
45.238 47.619
89.361 89.361
95.384 95.384
94.736 94.736
87.5 87.5
94.0 94.0
94.444 94.444
94.545 94.545
94.642 94.642
90.74 92.59199999999998
90.196 92.15600000000002
91.37900000000002 93.103
94.339 94.339
92.15600000000002 94.117
88.461 92.307
88.0 88.0
91.111 91.111
90.56600000000002 92.45200000000001
86.046 90.697
94.915 94.915
94.0 94.0
93.617 93.617
94.23 94.23
94.23 94.23
94.545 94.545
94.545 94.545
90.74 90.74
94.339 94.339
88.679 94.339
94.642 94.642
94.0 94.0
91.228 92.98200000000001
90.0 92.0
88.636 86.363
90.0 90.0
94.339 94.339
89.361 89.361
94.736 94.736
94.915 94.915
95.161 95.161
91.666 93.75
91.836 91.836
94.0 94.0
89.795 89.795
94.339 94.339
91.071 91.071
94.444 94.444
87.755 89.795
88.679 90.56600000000002
94.545 94.545
94.545 94.545
90.909 90.909
94.642 94.642
94.736 94.736
92.15600000000002 94.117
95.0 96.666
94.23 96.153
92.647 94.117
94.444 94.444
91.37900000000002 91.37900000000002
95.0 95.0
94.642 94.642
87.5 94.642
95.08100000000002 95.08100000000002
88.679 94.339
86.792 94.339
90.909 90.909
94.642 94.642
77.142 77.142
85.365 85.365
85.365 85.365
84.615 84.615
87.5 87.5
81.395 81.395
86.046 86.046
86.046 86.046
78.947 78.947
86.956 86.956
79.487 79.487
86.363 86.363
87.755 87.755
88.461 88.461
80.487 80.487
87.5 87.5
78.378 78.378
84.615 84.615
86.046 86.046
80.487 80.487
84.21 84.21
86.956 86.956
87.234 87.234
88.0 88.0
84.21 84.21
86.363 86.363
79.487 84.615
95.744 95.744
92.98200000000001 96.49099999999999
83.636 94.545
93.846 96.923
94.0 98.0
87.234 91.48899999999999
91.836 95.91800000000002
94.444 98.148
96.969 100.0
96.153 100.0
87.5 95.83300000000001
86.363 90.909
98.019 98.019
90.163 93.442
93.103 96.551
90.74 96.296
95.0 98.333
88.0 96.0
89.795 89.795
90.909 95.45400000000001
90.0 94.0
96.0 100.0
94.339 98.113
85.416 85.416
91.836 95.91800000000002
92.727 96.363
95.744 100.0
95.91800000000002 100.0
95.83300000000001 100.0
95.65200000000002 100.0
95.744 100.0
91.836 95.91800000000002
95.83300000000001 100.0
88.0 96.0
90.909 95.45400000000001
96.078 100.0
93.478 97.826
92.45200000000001 96.226
96.226 96.226
91.666 95.83300000000001
84.313 90.196
96.078 100.0
91.304 95.65200000000002
91.111 95.555
84.09 90.909
91.836 95.91800000000002
91.304 95.65200000000002
91.666 91.666
95.744 100.0
96.078 100.0
95.45400000000001 100.0
85.106 93.617
92.0 86.0
91.111 95.555
95.744 100.0
96.153 96.153
91.111 91.111
88.461 94.23
90.196 96.078
96.721 98.36
98.148 100.0
98.214 98.214
93.877 91.836
98.039 98.039
93.333 93.333
97.95900000000002 100.0
98.305 100.0
88.0 88.0
98.275 100.0
81.25 82.812
94.545 96.363
95.744 95.744
95.34800000000001 97.674
97.95900000000002 100.0
100.0 100.0
90.196 100.0
100.0 100.0
90.697 95.34800000000001
95.121 95.121
100.0 100.0
100.0 100.0
92.857 96.428
93.877 97.95900000000002
100.0 100.0
100.0 100.0
95.238 95.238
95.65200000000002 95.65200000000002
98.461 98.461
100.0 100.0
92.68199999999999 97.56
95.34800000000001 95.34800000000001
95.45400000000001 95.45400000000001
100.0 100.0
87.5 87.5
100.0 100.0
100.0 100.0
100.0 100.0
100.0 100.0
100.0 100.0
94.827 96.551
96.153 98.076
95.34800000000001 100.0
95.555 95.555
98.275 98.275
80.0 80.0
62.79 62.79
79.31 79.31
88.095 90.476
53.488 69.767
87.234 89.361
72.549 76.47
75.862 79.31
77.358 77.358
84.126 84.126
79.245 79.245
84.848 84.848
83.606 83.606
91.666 93.75
96.153 98.076
70.0 74.0
54.544999999999995 56.81799999999999
79.31 79.31
56.41 58.974
87.5 90.0
70.212 70.212
94.339 96.226
66.666 66.666
93.877 95.91800000000002
82.758 82.758
62.79 67.441
70.689 70.689
71.428 75.51
62.79 67.441
88.372 90.697
62.222 66.666
81.25 83.333
90.697 93.023
80.0 80.0
67.441 72.093
64.444 68.888
66.666 70.833
64.444 68.888
94.444 96.296
93.023 95.34800000000001
61.904 61.904
82.142 82.142
72.0 76.0
78.181 78.181
65.217 69.565
67.346 67.346
93.75 95.83300000000001
93.478 95.65200000000002
68.888 73.333
60.97500000000001 65.853
62.79 62.79
62.79 67.441
84.375 84.375
94.117 96.078
70.212 74.468
60.465 65.116
71.428 71.428
69.565 73.913
70.212 74.468
75.438 78.947
92.857 94.642
84.848 84.848
78.181 78.181
66.666 68.888
63.414 68.292
93.478 95.65200000000002
78.947 78.947
62.79 67.441
60.416 75.0
94.339 96.226
81.818 81.818
70.833 70.833
84.09 86.363
80.0 80.0
78.571 78.571
55.0 65.0
70.833 75.0
81.132 81.132
65.0 70.0
58.695 65.217
93.75 95.83300000000001
80.952 80.952
87.5 90.0
78.947 78.947
19.23 21.153
24.528 26.415
8.695 8.695
13.207 13.207
38.095 39.682
18.75 20.833
18.0 20.0
30.357 32.142
36.065 36.065
26.785 30.357
10.869 13.043
16.666 18.518
10.638 12.765
12.765 14.893
22.0 22.0
19.298 21.052
90.243 95.121
87.5 92.5
91.89100000000002 94.594
83.333 83.333
88.095 88.095
90.243 90.243
88.636 95.45400000000001
90.0 95.0
91.48899999999999 95.744
88.888 94.444
89.583 89.583
93.181 97.72700000000002
91.666 91.666
94.23 94.23
96.078 100.0
88.095 92.857
84.905 88.679
80.0 91.111
90.476 90.476
95.555 95.555
95.744 100.0
92.15600000000002 96.078
96.0 96.0
87.5 92.5
95.91800000000002 100.0
93.617 97.87200000000001
90.909 95.45400000000001
90.243 95.121
86.363 95.45400000000001
93.181 95.45400000000001
91.89100000000002 97.297
94.0 98.0
90.243 90.243
94.0 94.0
90.476 90.476
90.0 95.0
95.744 95.744
90.909 95.45400000000001
82.978 91.48899999999999
90.0 92.5
93.103 96.551
94.23 98.076
89.743 94.87100000000001
90.697 90.697
95.555 100.0
90.697 95.34800000000001
80.769 80.769
89.473 94.736
93.478 95.65200000000002
91.666 95.83300000000001
95.238 100.0
90.476 92.857
89.583 95.83300000000001
95.0 100.0
89.13 91.304
86.363 93.181
95.34800000000001 100.0
90.384 92.307
95.238 95.238
95.65200000000002 100.0
87.234 95.744
93.333 95.555
95.83300000000001 100.0
90.0 95.0
95.65200000000002 91.304
94.339 94.339
90.0 95.0
85.0 90.0
96.551 96.551
90.909 95.45400000000001
90.476 95.238
91.666 91.666
95.65200000000002 100.0
95.34800000000001 100.0
95.121 100.0
88.095 92.857
94.0 98.0
91.836 91.836
95.555 100.0
95.08100000000002 95.08100000000002
93.023 95.34800000000001
86.842 92.105
91.304 95.65200000000002
96.363 100.0
87.179 94.87100000000001
95.45400000000001 100.0
90.0 95.0
86.046 90.697
89.473 89.473
90.909 90.909
90.0 90.0
91.111 95.555
91.111 95.555
91.304 91.304
85.964 92.98200000000001
93.181 97.72700000000002
95.555 100.0
90.74 90.74
90.476 95.238
89.743 94.87100000000001
87.804 90.243
90.476 95.238
95.121 100.0
95.744 100.0
81.818 81.818
93.877 93.877
82.608 91.304
90.697 95.34800000000001
90.243 95.121
94.444 94.444
90.909 95.45400000000001
95.238 100.0
95.238 100.0
90.0 90.0
89.583 89.583
80.769 80.769
93.478 97.826
95.45400000000001 95.45400000000001
90.0 95.0
90.0 95.0
96.0 100.0
90.909 90.909
95.45400000000001 95.45400000000001
95.91800000000002 100.0
95.0 87.5
95.65200000000002 97.826
94.736 94.736
96.153 98.076
86.486 89.189
96.296 100.0
87.5 90.0
84.782 84.782
95.744 100.0
94.23 94.23
86.363 95.45400000000001
95.238 97.61899999999999
94.87100000000001 94.87100000000001
85.365 90.243
95.121 100.0
92.857 97.61899999999999
90.243 90.243
83.333 83.333
78.947 78.947
82.222 82.222
82.608 82.608
63.157 81.578
70.588 91.17600000000002
80.0 80.0
81.632 83.673
75.0 80.0
74.358 76.923
76.19 76.19
71.428 71.428
76.19 76.19
78.723 78.723
78.26 80.434
70.731 73.17
100.0 100.0
100.0 100.0
98.461 98.461
95.555 95.555
100.0 100.0
100.0 100.0
100.0 100.0
100.0 100.0
93.617 93.617
95.238 97.61899999999999
85.714 100.0
100.0 100.0
95.45400000000001 98.484
100.0 100.0
100.0 100.0
100.0 100.0
100.0 100.0
96.226 98.113
95.91800000000002 95.91800000000002
100.0 100.0
100.0 100.0
93.023 95.34800000000001
95.238 95.238
98.113 100.0
90.196 94.117
96.825 93.64999999999999
100.0 100.0
97.91599999999998 97.91599999999998
100.0 100.0
98.63 98.63
94.915 94.915
97.72700000000002 100.0
100.0 100.0
94.915 94.915
100.0 100.0
95.65200000000002 95.65200000000002
100.0 100.0
100.0 100.0
100.0 100.0
100.0 100.0
100.0 100.0
100.0 100.0
100.0 100.0
100.0 100.0
100.0 100.0
95.31200000000001 96.875
94.87100000000001 94.87100000000001
96.078 96.078
87.804 95.121
100.0 100.0
97.91599999999998 100.0
95.08100000000002 95.08100000000002
100.0 100.0
100.0 100.0
100.0 100.0
95.555 95.555
100.0 100.0
100.0 100.0
100.0 100.0
95.45400000000001 95.45400000000001
95.555 95.555
95.121 95.121
90.0 95.0
95.121 95.121
100.0 100.0
93.478 97.826
98.529 100.0
97.5 97.5
100.0 100.0
97.72700000000002 100.0
98.148 98.148
89.583 91.666
100.0 100.0
100.0 100.0
95.238 95.238
95.0 95.0
94.915 94.915
96.0 96.0
87.5 97.91599999999998
95.91800000000002 97.95900000000002
89.361 97.87200000000001
86.666 91.111
93.333 93.333
100.0 100.0
95.555 95.555
88.888 100.0
86.153 93.846
100.0 100.0
94.0 98.0
93.181 97.72700000000002
95.91800000000002 95.91800000000002
100.0 100.0
87.804 90.243
95.91800000000002 95.91800000000002
95.83300000000001 95.83300000000001
95.0 95.0
86.274 98.039
100.0 100.0
100.0 100.0
93.617 100.0
100.0 100.0
100.0 100.0
98.039 100.0
100.0 100.0
95.83300000000001 95.83300000000001
100.0 100.0
95.0 95.0
98.461 98.461
97.61899999999999 95.238
97.777 95.555
100.0 100.0
100.0 100.0
100.0 100.0
92.857 95.238
95.34800000000001 95.34800000000001
95.34800000000001 100.0
87.5 95.31200000000001
100.0 100.0
93.617 93.617
95.744 100.0
88.636 97.72700000000002
100.0 100.0
95.555 95.555
95.555 97.777
98.507 98.507
100.0 100.0
100.0 100.0
97.183 98.591
95.45400000000001 95.45400000000001
95.0 95.0
94.87100000000001 97.43500000000002
97.72700000000002 100.0
86.046 97.674
93.181 100.0
95.121 95.121
95.555 95.555
100.0 100.0
93.333 97.777
95.34800000000001 95.34800000000001
100.0 100.0
94.736 94.736
95.45400000000001 95.45400000000001
95.161 96.774
95.65200000000002 95.65200000000002
92.537 98.507
100.0 100.0
100.0 100.0
100.0 100.0
97.91599999999998 97.91599999999998
96.153 100.0
100.0 100.0
98.684 98.684
100.0 100.0
97.61899999999999 95.238
87.804 85.365
95.744 100.0
98.461 98.461
93.023 93.023
95.238 95.238
93.617 95.744
94.87100000000001 94.87100000000001
95.83300000000001 100.0
97.777 100.0
100.0 100.0
95.34800000000001 97.674
95.238 95.238
92.857 92.857
96.153 96.153
95.555 95.555
100.0 100.0
89.583 93.75
100.0 100.0
100.0 100.0
100.0 100.0
98.55 100.0
87.5 100.0
93.023 95.34800000000001
100.0 100.0
100.0 100.0
97.014 98.507
100.0 100.0
98.484 100.0
100.0 100.0
100.0 100.0
90.56600000000002 92.45200000000001
100.0 100.0
100.0 100.0
95.121 100.0
95.34800000000001 95.34800000000001
93.617 93.617
95.238 95.238
100.0 100.0
93.333 98.333
95.45400000000001 100.0
100.0 100.0
100.0 100.0
98.461 100.0
100.0 100.0
100.0 100.0
97.91599999999998 97.91599999999998
95.121 95.121
100.0 100.0
100.0 100.0
98.571 98.571
95.34800000000001 95.34800000000001
98.275 98.275
98.214 98.214
98.148 100.0
100.0 100.0
97.56 100.0
100.0 100.0
96.0 96.0
98.461 100.0
100.0 100.0
96.226 100.0
95.238 95.238
100.0 100.0
98.484 98.484
100.0 100.0
97.95900000000002 100.0
100.0 100.0
98.0 100.0
100.0 100.0
95.238 95.238
95.65200000000002 95.65200000000002
100.0 100.0
97.91599999999998 100.0
95.555 95.555
95.34800000000001 95.34800000000001
90.697 100.0
97.014 98.507
100.0 100.0
98.0 100.0
100.0 100.0
100.0 100.0
100.0 100.0
100.0 100.0
98.412 98.412
95.384 95.384
95.0 98.333
95.744 95.744
100.0 100.0
95.121 95.121
98.412 98.412
100.0 100.0
90.0 94.0
100.0 100.0
100.0 100.0
84.313 98.039
97.777 100.0
95.238 95.238
95.83300000000001 95.83300000000001
100.0 100.0
95.65200000000002 95.65200000000002
90.322 93.548
98.0 100.0
98.591 98.591
95.0 95.0
95.34800000000001 95.34800000000001
96.875 98.437
100.0 100.0
97.87200000000001 100.0
97.91599999999998 97.91599999999998
95.65200000000002 95.65200000000002
95.555 95.555
86.363 100.0
97.674 100.0
95.555 97.777
92.857 92.857
92.647 95.58800000000001
100.0 100.0
95.238 95.238
100.0 100.0
97.826 100.0
95.83300000000001 95.83300000000001
93.181 100.0
82.608 86.956
100.0 100.0
97.826 97.826
100.0 100.0
90.0 95.0
89.583 95.83300000000001
100.0 100.0
100.0 100.0
95.555 95.555
98.55 100.0
100.0 100.0
100.0 100.0
97.95900000000002 100.0
97.87200000000001 97.87200000000001
94.827 96.551
100.0 100.0
95.83300000000001 100.0
100.0 100.0
89.361 93.617
95.121 95.121
95.65200000000002 95.65200000000002
100.0 100.0
98.437 98.437
100.0 100.0
96.969 98.484
98.148 100.0
100.0 100.0
100.0 100.0
95.45400000000001 95.45400000000001
100.0 100.0
98.245 100.0
97.87200000000001 100.0
100.0 100.0
94.117 96.078
100.0 100.0
98.148 100.0
95.31200000000001 96.875
100.0 100.0
96.0 100.0
100.0 100.0
98.076 100.0
93.617 100.0
95.0 95.0
98.181 98.181
95.45400000000001 100.0
90.74 90.74
100.0 100.0
96.825 98.412
100.0 100.0
100.0 100.0
95.65200000000002 97.826
100.0 100.0
98.437 98.437
95.45400000000001 95.45400000000001
100.0 100.0
100.0 100.0
100.0 100.0
100.0 100.0
100.0 100.0
95.45400000000001 95.45400000000001
95.238 95.238
93.181 95.45400000000001
100.0 100.0
90.243 95.121
97.95900000000002 100.0
95.121 95.121
95.238 95.238
95.45400000000001 95.45400000000001
100.0 100.0
95.45400000000001 95.45400000000001
91.836 93.877
95.555 97.777
100.0 100.0
100.0 100.0
100.0 100.0
100.0 100.0
100.0 100.0
100.0 100.0
100.0 100.0
100.0 100.0
100.0 100.0
100.0 100.0
95.744 95.744
92.307 92.307
100.0 100.0
100.0 100.0
100.0 100.0
100.0 100.0
100.0 100.0
100.0 100.0
100.0 100.0
100.0 100.0
93.877 100.0
97.91599999999998 100.0
95.91800000000002 95.91800000000002
93.617 95.744
95.238 95.238
97.95900000000002 97.95900000000002
97.95900000000002 97.95900000000002
100.0 100.0
97.91599999999998 97.91599999999998
96.153 100.0
100.0 100.0
100.0 100.0
92.307 94.87100000000001
93.333 100.0
100.0 100.0
95.555 95.555
87.5 91.666
95.65200000000002 95.65200000000002
100.0 100.0
97.61899999999999 97.61899999999999
95.83300000000001 97.91599999999998
100.0 100.0
100.0 100.0
100.0 100.0
94.87100000000001 94.87100000000001
87.179 94.87100000000001
97.87200000000001 97.87200000000001
94.87100000000001 94.87100000000001
95.0 95.0
97.777 97.777
100.0 100.0
100.0 100.0
100.0 100.0
97.826 97.826
100.0 100.0
89.743 100.0
100.0 100.0
86.0 92.0
100.0 100.0
89.473 89.473
95.91800000000002 95.91800000000002
98.0 100.0
98.076 98.076
95.121 95.121
98.039 98.039
100.0 100.0
100.0 100.0
98.076 98.076
100.0 100.0
100.0 100.0
95.34800000000001 97.674
100.0 100.0
96.153 96.153
94.117 100.0
78.947 78.947
70.27 70.27
65.714 65.714
78.378 83.783
93.75 97.91599999999998
53.658 53.658
75.675 75.675
64.705 64.705
70.27 70.27
68.292 68.292
74.358 74.358
68.75 68.75
78.723 78.723
92.68199999999999 92.68199999999999
77.777 77.777
70.731 70.731
73.333 73.333
94.444 94.444
82.5 87.5
74.193 74.193
81.25 81.25
70.967 70.967
76.47 82.352
65.0 65.0
71.428 71.428
87.096 93.548
84.21 84.21
70.27 70.27
87.272 92.727
82.051 82.051
90.909 95.45400000000001
77.777 80.555
70.731 70.731
75.0 75.0
84.21 89.473
62.162 62.162
75.0 75.0
71.428 71.428
75.0 75.0
92.5 92.5
72.222 80.555
74.285 88.571
89.189 94.594
83.87 83.87
76.666 80.0
76.47 76.47
83.72 88.372
76.923 76.923
74.358 74.358
73.684 73.684
92.307 92.307
81.578 81.578
88.235 94.117
63.636 63.636
71.428 71.428
84.444 84.444
75.609 75.609
86.363 90.909
77.419 77.419
73.529 73.529
75.0 75.0
85.714 85.714
80.487 80.487
72.5 72.5
88.888 88.888
87.5 92.5
75.757 75.757
84.21 84.21
70.833 89.583
71.428 71.428
72.5 72.5
82.222 82.222
82.926 87.804
79.487 79.487
64.102 64.102
69.444 69.444
71.794 71.794
89.189 94.594
84.782 84.782
90.909 96.969
83.333 83.333
76.47 76.47
84.21 84.21
80.0 80.0
70.0 77.5
77.777 77.777
77.777 77.777
80.487 80.487
87.5 92.5
88.888 88.888
73.809 73.809
93.75 97.91599999999998
84.615 84.615
68.181 68.181
91.111 91.111
70.731 70.731
68.75 68.75
74.358 74.358
80.0 80.0
90.243 95.121
75.0 80.0
86.486 91.89100000000002
74.285 74.285
78.378 78.378
74.358 74.358
77.5 77.5
94.23 98.076
85.0 85.0
77.777 83.333
90.909 90.909
75.862 75.862
90.625 90.625
76.666 76.666
84.615 84.615
82.352 82.352
65.909 65.909
87.5 92.5
78.787 78.787
80.0 80.0
74.418 74.418
82.608 86.956
65.0 65.0
69.444 69.444
72.222 83.333
86.486 86.486
80.555 80.555
73.333 73.333
93.478 93.478
77.5 77.5
86.111 86.111
69.23 69.23
76.315 76.315
83.333 83.333
74.418 74.418
71.428 71.428
62.857 62.857
86.486 91.89100000000002
75.0 75.0
71.052 71.052
87.804 92.68199999999999
93.181 97.72700000000002
92.5 90.0
78.787 78.787
59.615 59.615
69.444 69.444
78.571 78.571
73.684 78.947
72.727 72.727
80.0 80.0
79.411 79.411
76.744 76.744
70.967 70.967
68.085 68.085
68.888 68.888
72.093 72.093
77.777 77.777
62.857 62.857
70.967 70.967
80.487 80.487
75.757 75.757
70.731 70.731
82.978 82.978
92.857 92.857
82.051 82.051
86.046 86.046
77.777 77.777
70.0 70.0
75.675 83.783
77.083 77.083
64.705 64.705
88.333 88.333
84.21 84.21
66.666 66.666
82.352 88.235
79.591 79.591
86.111 86.111
94.117 98.039
85.714 89.795
82.352 91.17600000000002
71.428 71.428
75.0 75.0
78.947 78.947
92.68199999999999 92.68199999999999
86.111 86.111
85.365 90.243
88.095 88.095
73.17 73.17
83.333 94.444
94.23 94.23
73.529 73.529
81.818 81.818
92.857 92.857
62.5 75.0
77.142 82.857
65.789 65.789
68.421 68.421
67.567 67.567
75.757 75.757
77.142 77.142
70.27 83.783
76.744 76.744
81.25 81.25
72.222 72.222
75.555 75.555
75.757 75.757
78.125 78.125
78.571 78.571
85.365 85.365
82.051 82.051
78.125 78.125
93.617 97.87200000000001
78.947 89.473
85.714 91.42800000000001
78.125 78.125
77.5 77.5
65.789 65.789
67.567 67.567
92.857 97.61899999999999
94.117 94.117
95.238 98.412
94.444 98.148
94.0 98.0
94.545 98.181
93.877 93.877
94.0 94.0
94.444 98.148
85.714 85.714
91.37900000000002 91.37900000000002
92.857 94.642
93.478 97.826
95.08100000000002 95.08100000000002
92.15600000000002 96.078
88.0 92.0
94.117 94.117
94.0 98.0
95.522 98.507
90.74 94.444
94.642 94.642
89.583 89.583
77.551 77.551
94.23 98.076
93.877 97.95900000000002
89.361 93.617
94.444 98.148
92.727 96.363
86.046 86.046
94.827 94.827
88.095 92.857
90.74 90.74
94.915 94.915
89.795 89.795
90.56600000000002 92.45200000000001
90.625 93.75
88.888 84.444
82.978 93.617
94.444 98.148
84.905 88.679
92.727 96.363
94.23 94.23
95.08100000000002 98.36
90.384 94.23
86.538 96.153
94.736 94.736
100.0 100.0
93.333 96.666
100.0 100.0
93.103 96.551
100.0 100.0
100.0 100.0
85.714 85.714
97.72700000000002 97.72700000000002
92.857 96.428
100.0 100.0
100.0 100.0
96.551 96.551
93.103 93.103
100.0 100.0
100.0 100.0
93.617 93.617
100.0 100.0
96.0 96.0
93.846 95.384
95.0 98.333
80.0 85.0
92.957 92.957
98.245 100.0
100.0 100.0
96.296 100.0
100.0 100.0
95.945 95.945
95.31200000000001 96.875
100.0 100.0
95.08100000000002 95.08100000000002
100.0 100.0
93.506 96.103
100.0 100.0
100.0 100.0
92.59199999999998 92.59199999999998
96.825 96.825
95.744 95.744
94.339 100.0
100.0 100.0
95.83300000000001 97.91599999999998
76.47 82.352
87.5 95.83300000000001
98.148 100.0
98.275 98.275
100.0 100.0
98.181 98.181
97.95900000000002 97.95900000000002
95.91800000000002 95.91800000000002
96.428 98.214
100.0 100.0
96.341 96.341
96.0 96.0
100.0 100.0
96.226 98.113
96.078 98.039
96.078 96.078
97.91599999999998 95.83300000000001
96.0 96.0
93.055 93.055
96.078 96.078
100.0 100.0
97.183 97.183
94.444 94.444
95.774 95.774
98.245 98.245
100.0 100.0
97.297 100.0
100.0 100.0
95.83300000000001 95.83300000000001
100.0 100.0
100.0 100.0
85.483 87.096
95.91800000000002 95.91800000000002
96.078 96.078
95.744 95.744
93.846 95.384
100.0 100.0
95.31200000000001 95.31200000000001
94.444 94.444
95.91800000000002 95.91800000000002
92.307 97.43500000000002
100.0 100.0
98.113 98.113
98.305 98.305
95.91800000000002 95.91800000000002
100.0 100.0
96.61 96.61
100.0 100.0
92.647 92.647
86.538 86.538
91.17600000000002 92.647
100.0 100.0
100.0 100.0
100.0 100.0
94.736 96.49099999999999
94.642 94.642
100.0 100.0
96.825 96.825
86.363 90.909
93.75 96.875
97.05799999999999 97.05799999999999
100.0 100.0
98.571 98.571
100.0 100.0
100.0 100.0
98.333 98.333
98.461 98.461
94.827 96.551
93.478 95.65200000000002
98.36 98.36
97.14199999999998 97.14199999999998
100.0 100.0
98.245 98.245
96.969 96.969
100.0 100.0
93.589 93.589
96.296 96.296
96.666 96.666
96.153 96.153
96.296 96.296
100.0 100.0
98.181 100.0
100.0 100.0
95.08100000000002 100.0
100.0 100.0
92.98200000000001 96.49099999999999
98.305 98.305
100.0 100.0
100.0 100.0
96.428 96.428
84.21 89.473
100.0 100.0
92.98200000000001 94.736
96.721 96.721
95.45400000000001 96.969
98.484 98.484
100.0 100.0
98.36 98.36
92.15600000000002 94.117
88.333 90.0
100.0 100.0
97.14199999999998 97.14199999999998
96.666 96.666
94.0 94.0
93.877 93.877
89.583 95.83300000000001
93.75 93.75
100.0 100.0
94.545 94.545
98.214 98.214
82.978 87.234
100.0 100.0
100.0 100.0
98.305 100.0
96.666 98.333
98.039 98.039
94.23 94.23
95.0 95.0
96.153 96.153
87.5 91.666
100.0 100.0
97.36800000000001 97.36800000000001
100.0 100.0
96.0 96.0
95.945 94.594
100.0 100.0
100.0 100.0
100.0 100.0
96.551 96.551
100.0 100.0
100.0 100.0
98.113 98.113
95.65200000000002 95.65200000000002
98.63 98.63
95.83300000000001 95.83300000000001
95.384 95.384
98.333 98.333
94.02899999999998 94.02899999999998
100.0 100.0
95.65200000000002 95.65200000000002
100.0 100.0
100.0 100.0
100.0 100.0
96.363 100.0
92.857 95.714
96.49099999999999 96.49099999999999
96.078 96.078
100.0 100.0
85.365 90.243
91.666 97.91599999999998
100.0 100.0
96.0 96.0
100.0 100.0
100.0 100.0
96.0 96.0
96.61 96.61
97.05799999999999 97.05799999999999
95.83300000000001 95.83300000000001
100.0 100.0
95.744 95.744
100.0 100.0
96.226 98.113
98.181 98.181
94.444 94.444
98.214 98.214
96.226 98.113
100.0 100.0
100.0 100.0
100.0 100.0
96.774 100.0
85.185 94.444
100.0 100.0
96.61 98.305
95.945 95.945
100.0 100.0
98.148 100.0
87.755 91.836
100.0 100.0
96.774 98.387
100.0 100.0
98.305 98.305
94.545 94.545
97.777 97.777
98.148 98.148
100.0 100.0
100.0 100.0
100.0 100.0
100.0 100.0
94.339 100.0
96.296 96.296
92.647 92.647
93.846 95.384
100.0 100.0
100.0 100.0
100.0 100.0
96.721 96.721
90.0 100.0
88.888 92.59199999999998
100.0 100.0
100.0 100.0
98.076 98.076
96.875 84.375
96.721 96.721
90.0 92.0
95.744 95.744
100.0 100.0
100.0 100.0
100.0 100.0
93.75 93.75
98.0 98.0
100.0 100.0
95.555 95.555
93.877 93.877
96.226 96.226
98.275 98.275
100.0 100.0
98.333 100.0
100.0 100.0
98.63 98.63
94.594 95.945
96.61 98.305
93.846 95.384
100.0 100.0
96.078 96.078
100.0 100.0
89.361 91.48899999999999
98.076 98.076
96.202 96.202
92.15600000000002 98.039
100.0 100.0
96.923 96.923
98.113 98.113
100.0 100.0
100.0 100.0
100.0 100.0
92.307 98.076
83.72 86.046
95.83300000000001 95.83300000000001
100.0 100.0
100.0 100.0
100.0 100.0
100.0 100.0
95.83300000000001 95.83300000000001
100.0 100.0
95.384 95.384
94.642 94.642
98.148 98.148
92.727 98.181
92.857 92.857
100.0 100.0
96.551 98.275
95.91800000000002 95.91800000000002
93.421 96.052
100.0 100.0
87.234 87.234
85.714 90.476
98.275 98.275
100.0 100.0
100.0 100.0
100.0 100.0
100.0 100.0
100.0 100.0
100.0 100.0
100.0 100.0
96.078 96.078
96.363 96.363
97.22199999999998 98.611
98.437 100.0
100.0 100.0
94.23 94.23
88.0 88.0
94.827 96.551
79.487 84.615
100.0 100.0
96.363 96.363
100.0 100.0
94.545 94.545
94.545 94.545
97.297 97.297
96.153 96.153
94.736 94.736
77.777 83.333
95.83300000000001 95.83300000000001
100.0 100.0
100.0 100.0
94.0 94.0
94.444 94.444
94.0 94.0
100.0 100.0
100.0 100.0
100.0 100.0
98.245 98.245
100.0 100.0
94.0 94.0
96.721 96.721
98.181 92.727
91.42800000000001 92.857
100.0 100.0
96.0 96.0
94.642 94.642
96.363 96.363
97.36800000000001 100.0
100.0 100.0
98.412 98.412
89.552 91.04399999999998
95.58800000000001 95.58800000000001
98.305 98.305
94.02899999999998 94.02899999999998
94.545 98.181
100.0 100.0
100.0 100.0
94.117 95.58800000000001
85.416 87.5
98.412 100.0
95.65200000000002 95.65200000000002
100.0 100.0
77.777 83.333
96.551 98.275
98.148 98.148
95.0 98.333
97.56 100.0
96.153 96.153
87.755 87.755
100.0 100.0
95.83300000000001 95.83300000000001
96.61 96.61
97.014 98.507
100.0 100.0
94.642 94.642
96.363 98.181
94.117 94.117
93.877 93.877
96.428 98.214
96.226 96.226
100.0 100.0
100.0 100.0
97.05799999999999 97.05799999999999
100.0 100.0
100.0 100.0
94.23 98.076
100.0 100.0
100.0 100.0
100.0 100.0
95.83300000000001 95.83300000000001
87.755 97.95900000000002
100.0 100.0
100.0 100.0
96.226 96.226
96.078 96.078
82.222 86.666
100.0 100.0
95.89000000000001 95.89000000000001
96.078 98.039
96.0 96.0
100.0 100.0
93.055 93.055
100.0 100.0
87.037 94.444
92.857 92.857
96.078 96.078
85.0 90.0
98.076 98.076
95.91800000000002 95.91800000000002
100.0 100.0
98.181 98.181
96.296 96.296
96.363 96.363
97.52999999999999 97.52999999999999
94.827 100.0
96.428 96.428
95.91800000000002 95.91800000000002
95.161 95.161
98.36 100.0
92.42399999999999 93.939
92.98200000000001 92.98200000000001
96.296 96.296
100.0 100.0
95.945 95.945
94.87100000000001 96.153
100.0 100.0
95.555 97.777
95.65200000000002 95.65200000000002
100.0 100.0
100.0 100.0
93.846 95.384
100.0 100.0
89.795 91.836
97.95900000000002 100.0
91.666 95.83300000000001
100.0 100.0
95.83300000000001 95.83300000000001
94.545 94.545
98.181 98.181
100.0 100.0
94.339 94.339
100.0 100.0
100.0 100.0
98.412 98.412
94.339 94.339
100.0 100.0
100.0 100.0
100.0 100.0
93.15 93.15
94.545 94.545
97.777 97.777
98.333 98.333
95.744 95.744
95.91800000000002 95.91800000000002
100.0 100.0
100.0 100.0
95.83300000000001 95.83300000000001
94.444 94.444
100.0 100.0
97.61899999999999 100.0
86.538 88.461
100.0 100.0
100.0 100.0
100.0 100.0
100.0 100.0
98.591 98.591
96.0 96.0
87.755 87.755
100.0 100.0
100.0 100.0
100.0 100.0
100.0 100.0
86.046 90.697
98.529 98.529
100.0 100.0
100.0 100.0
100.0 100.0
94.80499999999999 96.103
100.0 100.0
96.666 96.666
94.339 94.339
96.428 96.428
100.0 100.0
96.078 98.039
92.753 95.65200000000002
100.0 100.0
98.148 98.148
94.23 94.23
97.56 97.56
96.226 96.226
96.078 96.078
100.0 100.0
92.45200000000001 94.339
100.0 100.0
100.0 100.0
100.0 100.0
96.428 96.428
100.0 100.0
95.744 95.744
100.0 100.0
96.61 100.0
100.0 100.0
88.679 90.56600000000002
98.275 98.275
91.42800000000001 91.42800000000001
97.22199999999998 98.611
98.148 98.148
100.0 100.0
100.0 100.0
100.0 100.0
95.89000000000001 95.89000000000001
95.83300000000001 95.83300000000001
98.333 98.333
100.0 100.0
92.957 92.957
94.339 96.226
98.076 98.076
100.0 100.0
91.228 94.736
96.428 96.428
95.83300000000001 100.0
96.078 96.078
100.0 100.0
96.61 96.61
96.61 96.61
98.148 98.148
95.744 100.0
96.296 96.296
95.774 95.774
94.545 98.181
96.296 96.296
96.078 96.078
100.0 100.0
100.0 100.0
100.0 100.0
90.56600000000002 100.0
98.214 98.214
95.08100000000002 95.08100000000002
98.275 100.0
100.0 100.0
