47 57
41 48
45 52
52 61
44 51
42 49
47 55
48 57
41 48
40 47
45 54
42 49
54 65
49 57
44 53
52 60
47 55
47 56
40 47
39 46
43 50
51 61
40 47
46 55
48 56
44 53
46 55
48 57
36 43
42 50
46 55
45 54
43 51
49 58
50 60
44 52
41 49
44 53
42 50
51 61
41 48
43 50
41 48
41 49
42 49
46 55
44 52
40 47
45 53
41 49
36 43
44 53
47 55
46 54
41 49
46 55
38 45
43 51
41 49
48 57
40 47
46 55
42 50
40 48
45 54
51 61
45 53
40 48
40 48
40 48
49 59
47 55
48 57
42 50
40 48
45 53
49 61
46 54
42 51
39 46
49 58
48 56
42 51
43 52
51 59
46 54
42 50
45 54
43 51
43 51
40 47
43 51
49 59
43 51
43 51
45 53
52 61
44 52
46 54
48 56
46 56
48 56
43 52
43 51
48 57
43 51
40 47
45 53
48 57
47 55
44 52
42 51
45 53
47 56
42 49
43 51
42 50
45 53
41 48
42 50
43 51
42 49
51 62
52 64
43 52
65 79
42 49
40 47
46 56
46 54
44 52
46 53
40 47
41 49
41 50
42 50
42 50
46 54
45 53
44 54
41 49
44 52
47 55
44 52
44 52
41 49
39 46
47 55
37 46
50 57
41 48
55 64
47 55
50 58
41 48
39 46
41 48
57 67
57 73
35 42
40 48
35 42
36 43
46 53
41 49
40 48
48 56
43 50
47 55
47 56
61 71
35 42
42 50
40 50
75 95
40 50
45 52
50 58
39 47
45 55
48 58
50 57
43 52
40 47
42 50
47 55
43 50
50 60
41 48
47 57
48 57
40 47
43 52
52 65
47 56
42 51
48 59
40 48
41 50
38 45
38 46
41 50
44 53
46 55
39 47
44 47
30 31
30 31
34 36
33 35
35 38
31 34
39 43
28 30
33 34
32 33
36 42
51 61
39 46
35 42
44 52
37 43
39 45
38 45
45 49
48 54
46 51
49 53
46 51
47 53
52 59
53 61
54 62
51 59
48 55
57 64
51 57
49 54
53 60
57 66
45 50
51 58
44 49
51 58
53 62
71 83
50 58
54 60
45 49
54 60
49 56
44 49
58 68
55 64
50 56
59 67
40 44
58 65
50 55
57 65
50 58
45 50
48 53
54 62
53 61
48 53
54 63
47 53
48 53
55 63
46 52
51 61
50 55
51 59
52 59
52 60
50 57
50 57
49 54
54 62
53 60
51 59
59 67
55 63
50 58
43 48
53 60
42 46
47 53
46 51
71 85
53 61
41 46
47 53
50 57
51 58
44 48
49 55
50 57
52 59
49 56
55 63
49 53
60 69
53 59
59 71
52 58
55 62
57 67
55 63
45 50
52 57
48 53
40 44
52 59
50 57
38 42
38 42
46 50
48 54
43 48
44 49
42 46
43 48
44 49
41 45
48 54
47 52
48 57
39 46
36 42
38 45
40 48
34 40
37 44
42 49
41 48
40 48
39 46
38 45
41 50
38 46
44 52
39 47
44 51
37 44
40 50
40 49
45 53
49 60
43 53
49 61
45 55
39 47
46 54
42 50
43 51
42 51
38 46
34 41
42 50
46 54
44 51
44 54
38 46
37 44
41 49
46 54
39 47
37 45
42 49
38 46
38 45
44 51
40 46
40 47
47 58
46 56
43 51
43 50
42 50
44 54
48 59
36 42
41 48
37 43
47 53
38 46
36 42
42 51
42 50
36 43
48 56
42 49
42 49
50 58
44 51
42 50
38 46
44 52
38 46
36 43
38 45
38 44
43 51
39 46
37 43
40 47
39 46
39 45
42 50
45 54
41 49
37 44
53 60
43 51
42 49
42 49
38 45
44 51
38 44
45 52
40 47
40 47
48 59
40 47
34 41
43 52
43 52
42 49
44 51
35 42
41 49
55 63
38 45
37 44
49 56
44 52
38 47
40 47
39 46
42 50
38 44
43 51
55 65
38 45
38 45
37 44
42 49
44 51
35 42
43 51
48 58
40 47
39 48
41 48
48 57
43 52
42 51
39 47
42 49
45 53
39 47
42 51
45 53
39 46
41 50
42 50
37 45
45 53
35 42
50 58
48 56
36 42
41 49
41 50
42 50
42 50
47 58
37 45
50 61
42 51
40 49
40 49
39 48
45 55
41 50
39 47
38 47
35 42
39 48
46 54
38 46
39 47
37 45
37 44
46 55
51 59
41 50
41 49
42 51
40 47
40 48
45 53
40 48
36 43
37 44
38 45
49 58
49 59
44 51
36 43
41 49
40 47
44 52
41 49
42 50
37 44
45 56
35 42
41 48
49 57
47 55
46 53
44 52
44 52
59 71
44 52
42 49
44 51
53 63
54 63
48 57
44 52
55 66
43 50
44 52
44 52
52 63
46 55
43 51
52 62
48 57
43 50
44 52
45 52
48 56
53 63
59 68
55 67
43 50
47 55
45 52
51 59
67 81
64 77
62 73
66 79
59 70
62 74
39 46
56 65
65 77
64 76
39 47
40 48
59 70
66 78
57 69
60 71
57 69
59 71
48 59
68 82
40 47
66 78
66 78
62 73
60 73
59 70
59 70
43 53
66 78
69 83
61 73
68 82
68 79
73 89
43 52
67 80
61 72
64 78
64 75
39 46
63 74
63 77
64 77
48 57
67 80
68 79
42 50
47 58
64 76
71 87
68 81
66 77
70 84
70 84
66 79
56 63
56 63
58 67
38 45
39 46
69 79
46 54
43 51
51 61
49 56
46 55
38 44
51 57
38 46
46 52
58 65
43 51
60 68
59 68
46 55
54 63
61 71
44 52
41 49
43 49
43 51
42 50
42 50
49 57
50 59
47 57
40 47
45 54
55 62
46 53
65 73
45 51
39 45
46 54
47 57
42 51
42 49
62 72
58 66
41 49
43 54
64 75
54 63
38 45
45 54
42 48
45 53
38 47
46 52
40 47
43 50
45 53
44 51
41 48
47 55
48 58
51 59
45 54
60 67
59 68
44 50
65 74
42 50
40 46
41 48
50 57
42 52
44 53
58 66
46 53
44 51
59 67
43 48
54 62
58 66
39 46
42 49
42 49
39 49
49 57
59 67
41 48
46 54
47 56
45 53
45 51
47 54
47 55
47 54
49 60
38 44
43 49
40 46
45 53
43 51
39 45
46 54
57 65
52 59
50 59
45 53
45 55
41 49
51 58
44 51
37 44
55 65
60 68
57 65
47 56
57 65
39 46
43 51
42 49
57 65
36 42
37 42
59 67
43 50
47 56
45 55
44 52
64 74
67 76
52 59
41 48
58 66
42 49
46 56
46 53
47 55
68 78
45 54
46 55
46 53
53 64
50 64
44 53
44 51
52 60
50 58
43 52
67 78
69 81
45 52
52 59
59 67
64 73
40 46
43 50
46 53
65 75
46 53
46 54
59 67
39 47
41 47
37 43
50 60
42 50
44 52
45 51
52 63
63 71
43 51
43 50
47 55
43 51
43 51
59 67
37 43
48 56
55 63
47 53
62 71
50 59
49 58
40 47
47 56
42 51
45 56
54 64
44 51
54 63
40 46
43 51
40 46
39 46
45 54
58 65
53 61
49 57
52 61
39 45
43 51
48 56
49 59
66 75
52 59
55 64
48 57
44 52
46 54
44 52
48 56
46 54
55 64
48 56
71 81
41 48
60 69
49 60
55 65
47 57
46 53
41 50
46 53
44 52
49 56
41 49
40 46
47 58
74 89
40 48
41 48
50 57
56 66
67 76
51 59
52 60
63 72
61 70
51 59
42 49
49 56
40 48
43 52
39 48
61 70
48 55
56 65
51 58
56 65
45 52
43 51
41 48
52 61
44 50
45 53
49 58
44 54
39 47
47 54
38 44
62 72
42 49
40 47
58 67
44 51
40 47
56 64
59 69
44 52
40 49
45 54
53 60
52 59
43 49
39 46
40 47
61 74
39 48
45 52
42 49
54 62
45 52
54 61
50 57
61 70
50 59
63 72
62 71
40 48
43 50
44 55
41 47
68 79
71 82
51 59
45 52
43 50
48 56
39 45
37 43
62 71
44 52
42 47
46 55
39 45
49 58
45 52
41 48
40 47
43 50
45 53
41 48
49 59
63 71
65 75
60 70
53 59
61 71
61 71
46 57
47 54
44 51
44 52
62 71
58 67
51 59
66 75
55 62
49 58
37 45
42 48
39 46
42 51
51 61
50 58
47 56
39 46
47 55
43 50
50 62
45 52
57 65
52 60
43 49
70 81
61 70
45 53
50 59
46 53
44 53
57 65
39 46
46 55
60 70
40 48
61 70
43 50
48 54
52 59
45 53
54 62
41 48
42 48
50 60
47 55
46 55
43 53
63 71
43 49
44 52
37 44
36 45
42 49
42 50
47 55
48 55
47 54
66 83
41 47
65 73
46 54
46 52
55 64
51 59
50 58
54 62
56 67
45 54
46 53
40 46
37 43
43 49
50 60
39 45
60 70
47 54
41 50
45 52
49 57
60 68
59 67
61 71
36 42
36 42
38 44
45 52
43 49
40 45
50 64
39 45
64 72
49 59
58 68
47 56
37 43
43 51
59 70
40 47
54 64
56 63
42 48
40 48
39 45
43 51
43 52
47 58
47 55
50 58
39 48
57 65
48 56
56 67
37 44
48 55
56 63
42 50
42 48
58 69
47 55
52 59
50 57
44 52
47 55
59 67
64 72
51 58
39 46
64 73
50 58
44 50
45 51
44 50
43 50
40 45
37 43
63 71
65 73
42 48
47 57
44 52
43 51
46 54
42 49
49 60
44 52
42 51
44 52
36 41
46 54
49 57
41 47
52 61
42 48
43 52
45 54
45 52
47 54
46 54
39 45
42 48
47 54
42 49
65 74
45 52
43 48
55 63
53 63
48 58
49 58
46 55
53 62
48 57
46 53
45 53
42 49
42 52
40 47
42 50
39 45
38 43
66 77
49 59
35 41
37 44
57 66
45 51
42 49
66 75
75 85
54 61
51 62
48 56
53 62
49 55
49 58
41 50
66 78
46 54
43 51
62 73
43 52
61 71
45 53
59 66
56 63
47 56
72 81
42 49
45 52
46 52
46 52
42 49
36 42
45 52
43 51
48 58
42 50
40 47
50 58
43 50
42 50
48 56
43 51
40 47
52 61
37 44
45 54
40 47
37 44
43 51
49 58
47 57
42 51
52 61
46 54
39 47
48 57
53 63
45 54
54 69
43 52
42 50
38 46
41 48
52 61
46 55
55 65
48 56
45 53
53 63
42 49
40 48
46 55
42 51
50 59
47 54
41 48
49 58
37 44
52 64
46 55
46 56
42 51
46 57
43 53
55 67
50 64
45 56
57 72
50 60
46 59
49 60
49 60
51 62
43 53
49 62
43 54
46 57
58 72
51 63
52 63
44 55
53 66
41 51
46 56
43 53
52 64
47 59
50 62
48 59
46 57
53 66
52 66
51 62
47 58
47 59
46 57
51 64
52 65
52 65
50 62
38 45
40 47
43 50
43 51
44 53
37 43
35 41
39 46
53 65
44 52
46 53
49 59
46 55
45 53
48 56
41 47
43 50
44 51
39 46
45 54
41 47
45 53
47 55
44 53
41 48
47 55
53 64
44 51
39 46
42 49
48 57
49 58
45 51
45 52
42 50
45 54
48 58
53 67
49 61
49 62
55 67
56 69
61 76
46 58
49 61
55 68
52 66
54 66
49 61
54 68
48 60
53 67
55 68
49 63
49 62
48 60
54 67
62 76
43 54
48 61
47 59
51 65
50 62
56 70
59 76
55 68
53 66
51 63
48 60
56 70
52 65
54 67
56 72
51 63
53 66
69 83
48 60
42 53
48 61
55 68
46 58
52 66
48 59
55 68
53 65
53 66
49 61
50 65
53 65
42 53
69 87
51 63
51 65
53 66
51 64
51 63
47 59
51 65
47 58
40 48
38 45
35 40
42 50
40 47
42 48
44 51
47 55
40 47
43 49
44 52
50 59
47 55
43 50
38 45
49 57
39 46
42 48
41 48
40 46
38 44
54 67
42 48
38 44
38 45
75 97
37 43
35 41
51 60
38 44
43 51
43 50
37 43
42 50
42 48
41 48
42 49
42 48
40 47
38 44
44 51
45 54
36 41
39 45
44 50
41 48
40 46
37 42
41 46
40 48
40 47
46 54
40 46
42 48
37 44
41 48
38 44
41 47
44 51
37 43
38 43
40 47
37 43
41 47
40 47
42 48
40 46
43 51
40 48
42 49
43 50
43 49
37 43
44 52
47 56
53 66
53 65
51 62
48 60
44 56
42 53
51 63
47 59
46 57
41 51
48 61
48 59
51 63
44 55
48 62
47 58
43 54
45 56
45 56
51 62
51 62
56 68
51 62
54 69
42 52
48 59
48 59
44 55
45 56
54 67
47 58
45 56
44 55
50 63
50 61
53 65
49 61
52 64
46 57
43 54
46 57
52 64
54 67
47 57
42 52
49 61
61 77
45 55
40 50
41 51
60 73
57 70
46 57
48 59
41 48
45 53
51 60
58 67
42 50
50 57
49 58
41 48
45 53
45 52
45 53
48 56
58 68
44 52
48 56
38 44
48 56
45 54
46 54
42 50
47 54
50 58
43 52
39 46
47 56
43 51
48 54
52 62
44 53
41 49
45 52
44 51
56 64
55 64
44 51
38 45
44 51
33 38
40 45
46 54
42 50
44 51
43 50
52 59
55 63
57 65
60 71
44 51
44 51
50 58
49 57
52 60
51 58
48 55
49 56
44 51
46 54
56 63
48 55
49 57
42 49
53 62
40 46
46 53
38 44
65 77
48 56
43 44
56 64
55 62
40 46
52 59
46 55
43 50
38 44
35 41
40 47
40 47
54 62
45 55
51 59
47 54
44 50
48 55
53 61
41 48
46 52
52 61
51 60
39 46
61 75
54 61
57 64
50 58
39 46
62 72
51 58
32 37
60 70
45 53
48 55
51 58
50 58
42 49
45 52
39 43
56 64
44 51
57 65
56 63
42 49
54 65
44 50
52 62
46 53
43 49
41 47
61 71
44 50
46 52
50 58
38 45
44 51
50 57
43 50
41 47
42 48
51 59
53 61
46 54
53 61
43 49
37 44
49 55
43 50
48 55
54 62
38 44
46 53
43 49
56 63
49 57
42 49
46 53
57 68
28 32
47 54
49 58
46 54
41 46
52 59
47 55
48 55
57 67
48 55
42 50
48 56
42 48
48 55
43 50
38 45
47 57
45 53
43 49
50 59
39 46
42 48
39 45
45 52
40 46
45 54
56 64
55 63
43 51
43 50
51 59
45 53
47 55
49 57
47 53
49 58
41 48
47 55
46 53
55 63
47 55
52 60
49 56
51 60
45 52
56 65
49 57
42 48
60 68
41 47
39 45
37 43
59 67
45 53
50 57
47 55
55 65
44 51
35 42
41 47
45 52
60 71
54 62
47 56
31 36
47 54
52 59
33 39
45 51
47 54
47 54
45 52
55 62
54 61
41 47
53 61
47 55
50 58
54 63
27 31
44 50
53 62
37 44
55 64
47 55
48 55
43 51
50 58
36 42
49 59
43 51
47 55
59 67
54 64
51 59
65 73
42 48
46 52
45 53
40 45
47 55
44 52
49 57
58 67
52 60
40 40
40 47
43 50
45 53
46 54
43 52
49 55
53 60
49 59
52 60
44 50
51 59
48 56
43 49
50 59
48 55
48 55
56 65
47 55
48 56
52 59
34 39
68 79
59 67
52 60
56 66
29 33
44 49
31 35
45 52
56 64
45 54
42 48
54 63
44 50
34 34
38 45
44 50
48 55
52 61
48 55
45 52
54 63
41 48
43 49
50 58
46 54
47 55
45 56
50 57
51 59
40 47
55 63
45 52
51 60
48 55
47 55
51 58
51 60
49 58
57 67
62 72
40 49
42 50
57 71
61 72
56 65
44 50
55 63
49 59
39 46
57 65
54 62
64 73
55 64
46 53
40 47
49 56
59 69
51 60
49 57
44 51
52 60
53 59
44 51
49 56
46 52
40 47
47 54
49 56
49 56
37 43
36 43
51 58
52 61
62 74
48 55
59 70
47 55
43 50
52 60
50 58
57 65
47 53
51 59
58 68
38 44
41 47
36 40
46 53
43 51
38 44
44 51
52 59
43 51
41 48
44 51
42 49
46 54
46 54
43 49
39 46
65 74
50 58
39 46
40 47
49 58
46 54
50 57
46 54
53 61
54 62
40 47
39 46
43 49
54 63
45 52
48 55
46 53
52 59
41 47
57 65
50 58
54 62
49 57
54 62
52 59
46 54
44 51
41 47
58 69
47 55
43 50
34 34
44 51
51 58
46 53
45 51
52 59
62 72
40 47
53 60
65 76
45 53
49 57
48 56
44 54
57 67
43 50
53 61
47 53
50 58
43 50
48 49
66 75
48 56
45 52
56 64
53 62
63 73
48 58
38 41
57 65
63 72
49 56
50 58
58 66
58 65
43 49
50 59
54 63
59 69
55 63
52 60
50 57
50 57
51 60
44 53
52 58
47 54
46 56
49 56
50 57
45 52
52 59
39 45
43 49
46 54
32 36
26 30
42 47
47 53
54 63
49 56
42 49
52 61
52 61
43 49
39 45
38 44
43 49
54 63
42 49
38 45
57 68
53 61
49 57
60 70
55 63
44 51
50 58
43 50
50 61
50 57
42 48
37 44
38 38
38 47
42 48
50 58
54 63
46 55
46 54
44 52
48 55
55 63
47 54
57 67
44 52
50 58
29 33
51 60
49 56
49 58
29 33
43 49
30 35
47 54
61 70
60 73
50 58
47 54
45 52
46 54
38 45
45 52
45 53
40 45
53 62
51 59
47 54
60 69
51 61
50 58
54 62
49 56
40 46
50 57
43 50
52 60
48 56
59 67
45 53
56 66
53 62
51 58
46 54
46 53
53 61
42 50
48 55
45 52
41 47
41 49
44 51
40 48
54 62
45 53
41 47
57 66
53 62
47 54
42 48
50 57
52 60
50 59
55 67
43 50
49 60
50 58
62 74
61 70
47 53
41 48
47 54
42 50
40 46
49 57
54 62
54 64
56 66
54 62
43 50
53 61
51 59
54 61
41 48
52 60
38 44
43 50
41 47
49 56
48 55
61 70
52 60
48 56
56 64
42 49
44 51
53 62
73 88
43 49
52 60
52 61
48 56
47 55
48 55
48 55
49 57
42 48
37 44
56 64
48 58
58 66
45 53
51 59
41 49
49 58
51 58
46 53
45 53
40 46
41 48
40 46
45 53
58 68
54 63
46 54
42 51
52 61
39 45
43 50
38 45
41 49
38 45
36 42
44 51
42 51
34 40
46 52
37 43
51 61
36 42
44 51
47 57
47 55
49 60
42 51
42 50
46 55
40 47
39 45
41 48
41 49
44 52
41 49
41 47
41 48
50 59
45 54
43 51
37 43
42 49
48 54
45 54
43 51
47 55
35 41
34 41
37 44
35 42
45 55
36 44
43 52
41 50
41 50
39 46
42 51
35 43
45 55
35 42
43 51
38 46
31 37
42 52
45 54
45 54
36 42
38 46
40 48
48 60
44 51
45 56
42 52
46 57
41 50
36 43
42 51
50 60
41 50
39 47
37 45
37 45
47 57
38 46
42 52
45 56
41 51
43 53
35 43
39 48
35 42
39 47
36 43
42 49
38 44
43 54
42 51
35 43
37 43
43 52
35 43
38 46
44 54
41 49
39 46
38 46
37 45
42 52
42 52
42 53
41 49
33 40
42 51
42 50
38 45
35 41
42 51
38 46
40 50
48 59
40 49
40 48
40 51
39 46
40 49
41 50
40 49
42 51
45 54
43 52
36 44
39 48
38 47
42 51
48 58
42 51
39 48
41 49
34 42
38 46
46 55
35 41
38 45
38 46
37 44
46 56
49 60
38 46
39 47
39 47
37 46
42 50
42 52
37 44
46 58
64 81
42 51
40 48
41 49
38 45
35 41
37 45
37 44
39 46
40 47
50 59
40 49
38 45
41 47
48 59
36 43
36 43
38 46
44 52
38 46
43 52
36 42
34 41
34 41
41 50
43 50
38 45
41 50
37 45
44 54
40 49
36 43
45 53
41 47
36 42
38 44
43 53
44 54
35 42
37 44
54 64
44 55
35 42
39 47
40 49
41 48
37 44
34 42
44 53
39 46
44 52
36 43
43 53
45 55
39 47
44 52
46 55
45 55
47 58
42 51
35 43
41 50
41 49
33 39
37 45
41 50
37 46
52 64
44 53
36 44
39 47
36 43
39 48
39 47
52 66
45 55
40 47
39 47
40 47
33 39
34 40
45 53
50 61
38 46
44 53
44 51
40 48
43 51
44 53
39 46
37 45
32 38
42 49
41 52
41 49
40 48
40 49
42 49
43 53
38 46
48 59
35 41
38 46
40 49
47 55
37 44
41 50
41 52
37 44
41 51
42 50
47 56
36 44
43 51
37 44
47 56
42 50
46 54
45 53
37 45
48 60
43 50
40 47
46 55
41 49
36 43
42 49
45 56
42 52
36 44
46 55
41 52
39 49
46 55
48 57
43 51
36 43
47 58
42 53
37 45
50 58
42 51
37 44
31 37
42 53
39 47
47 56
38 46
46 57
44 53
36 45
44 53
40 48
43 52
39 47
43 51
47 56
38 45
47 56
42 51
37 45
40 49
40 47
45 55
38 46
47 59
38 47
43 53
39 47
36 42
39 47
40 50
36 44
40 49
41 51
39 47
43 52
39 45
44 52
42 53
42 53
37 43
35 42
43 54
35 42
43 53
38 47
42 51
41 50
49 62
42 51
38 47
39 47
46 55
48 58
43 52
38 45
47 57
33 39
42 50
41 51
42 52
44 55
37 47
46 53
46 55
43 52
41 49
37 45
37 44
46 55
36 44
42 52
37 44
38 45
38 44
46 55
37 45
41 51
45 54
35 41
40 50
39 47
38 47
39 48
38 45
46 53
50 60
46 57
45 55
42 49
47 57
37 44
40 49
39 48
43 52
40 48
39 47
41 48
41 48
42 52
39 48
41 50
40 49
36 43
40 48
40 48
37 45
44 54
38 45
42 50
47 58
40 48
43 54
44 53
43 53
45 55
44 54
41 50
42 51
37 44
37 44
36 43
42 52
42 51
61 80
35 42
45 54
41 50
39 47
41 49
39 47
47 57
42 51
41 48
42 49
43 53
46 54
45 53
37 44
43 52
46 55
41 49
42 52
39 47
49 61
37 44
40 47
36 43
39 47
42 50
39 47
37 45
41 50
46 56
43 52
39 48
44 53
41 49
38 46
41 50
43 52
43 52
45 54
39 48
45 55
40 48
43 51
45 55
41 49
48 58
49 60
47 58
39 47
39 46
36 43
37 44
37 44
44 53
40 48
47 55
40 48
46 55
48 58
41 49
40 49
59 69
41 51
40 48
44 53
41 49
48 58
48 59
45 54
48 59
42 51
50 61
50 61
49 60
50 62
43 53
38 46
40 49
46 56
44 54
45 55
37 45
44 53
48 59
51 62
50 61
46 55
42 51
51 61
40 48
46 56
53 64
44 53
45 55
52 64
39 47
44 52
41 50
49 59
46 55
45 53
42 51
51 62
48 58
38 47
43 53
51 60
43 52
50 61
43 52
43 53
47 57
45 54
45 54
47 57
46 55
37 45
45 55
47 59
42 51
41 50
47 57
41 50
38 46
41 49
42 51
38 47
40 48
39 47
41 48
43 52
40 48
41 49
40 49
43 52
44 54
37 45
58 72
40 49
46 54
39 46
47 56
45 54
49 59
47 56
44 51
40 46
43 50
41 48
50 56
49 62
46 54
38 45
43 52
45 54
37 44
44 54
50 60
46 55
46 56
51 61
45 54
45 52
43 51
37 44
59 70
43 50
34 40
33 39
41 48
45 53
50 59
40 47
49 59
50 59
43 51
43 48
42 49
42 50
42 50
37 46
43 52
40 49
59 70
52 60
41 49
40 48
50 59
47 55
46 57
46 52
41 48
35 42
46 54
42 49
48 57
41 48
44 51
52 63
41 48
44 52
38 43
40 47
47 56
52 61
42 50
41 49
42 51
36 43
47 56
42 49
41 50
48 55
40 47
38 45
40 47
46 53
37 44
46 55
41 50
41 49
41 49
41 48
46 53
41 49
45 54
40 47
50 61
51 62
49 56
45 54
43 50
43 52
43 51
42 53
42 51
49 57
40 47
41 49
51 60
52 63
39 46
54 61
48 58
45 55
45 52
43 52
42 51
43 52
50 59
46 55
40 45
43 50
42 50
45 53
46 54
42 50
53 62
46 54
43 51
43 51
50 60
43 52
41 48
48 57
42 50
42 50
41 49
44 52
41 48
37 44
46 54
46 54
43 52
47 55
40 47
44 52
49 59
48 60
51 63
48 58
50 58
40 48
54 64
48 58
48 58
44 53
42 50
45 55
42 49
44 53
45 54
48 57
49 56
50 61
47 57
49 58
47 56
42 49
49 59
40 48
49 58
39 48
43 51
39 46
55 65
54 65
50 59
50 59
44 53
40 47
42 50
45 53
44 53
55 65
48 57
40 48
41 48
44 51
49 57
54 64
51 59
48 57
41 49
45 54
52 63
50 62
45 53
48 58
53 60
39 46
48 57
45 53
48 57
49 58
45 53
55 66
46 54
44 54
44 52
40 48
46 56
51 60
49 59
45 54
46 55
49 58
47 57
49 58
48 57
45 53
48 57
51 61
43 51
44 52
46 53
47 56
49 59
42 50
48 58
47 55
48 58
48 61
47 55
41 48
47 56
42 49
48 57
50 63
48 56
44 52
49 58
42 49
40 48
42 50
41 48
42 49
41 49
49 59
35 39
34 39
47 58
40 48
29 33
38 43
40 47
32 37
27 31
37 41
30 34
42 49
28 32
39 43
29 33
30 34
34 38
31 36
43 48
30 34
36 39
33 37
36 39
45 52
29 33
28 32
38 43
29 33
33 37
32 36
30 34
41 45
41 46
27 31
39 42
30 36
46 53
33 37
41 50
30 34
32 38
37 44
40 48
37 41
47 52
45 48
41 47
32 36
32 36
38 42
30 34
33 38
43 46
34 38
35 39
32 36
33 39
31 36
29 33
40 44
39 45
37 41
40 44
36 39
37 44
29 33
32 38
33 38
34 39
48 53
36 40
30 34
33 37
47 53
34 39
29 33
41 45
42 46
38 42
29 33
42 48
40 45
36 41
45 50
28 32
43 51
32 37
38 42
28 32
34 38
36 42
37 41
36 41
36 41
56 66
38 44
30 34
28 32
43 48
39 45
35 39
34 38
34 41
36 42
32 36
30 34
36 39
35 40
32 38
34 40
36 39
41 47
33 37
35 38
34 39
35 39
30 34
39 43
38 42
39 44
32 36
33 37
27 31
33 37
33 37
35 39
46 54
28 32
37 41
35 40
48 54
38 45
29 33
29 33
39 44
50 56
32 38
27 31
35 39
36 40
31 35
49 56
38 41
41 49
33 39
46 55
40 43
35 38
29 33
34 39
29 33
38 42
35 39
39 44
29 33
38 44
32 37
43 47
33 37
37 40
35 40
41 45
36 39
29 33
35 39
34 38
42 49
31 35
50 62
33 37
33 37
31 35
31 35
38 44
36 41
36 41
30 34
38 42
39 44
27 31
35 38
28 32
39 44
35 40
37 41
38 44
43 49
37 42
49 58
36 39
36 41
36 40
36 43
50 59
33 40
32 39
50 61
40 49
45 54
38 45
45 55
37 45
39 47
37 44
37 44
35 42
39 47
36 44
64 78
39 47
38 46
40 48
37 44
52 65
40 49
42 53
39 47
38 46
38 45
42 52
48 58
33 40
36 43
39 48
45 54
47 59
53 63
40 49
35 42
42 51
38 47
34 41
46 58
42 51
43 52
39 47
43 52
36 43
52 63
39 48
40 48
38 46
43 54
41 51
43 53
41 49
40 48
40 47
45 55
34 41
36 45
40 49
42 51
53 63
39 48
37 45
36 45
41 48
35 43
33 35
40 43
44 52
49 54
33 36
32 34
42 45
38 41
45 47
44 48
40 43
35 37
40 44
36 39
54 63
33 35
37 39
48 54
45 49
36 39
33 35
38 41
36 38
32 34
34 36
42 45
38 42
41 45
41 44
46 51
34 36
34 38
38 40
40 43
42 44
36 38
37 39
46 49
40 43
42 45
38 41
36 38
35 39
40 44
37 40
38 41
36 39
32 34
36 38
44 49
42 46
33 35
41 44
41 44
37 41
39 43
32 34
48 53
32 34
49 55
46 48
40 42
35 37
36 38
44 47
44 50
39 43
44 47
40 44
36 40
44 46
36 38
44 49
39 42
52 58
40 43
38 40
36 38
38 41
37 39
39 42
44 48
34 36
41 45
35 38
42 46
34 36
37 39
33 35
41 46
37 39
34 36
39 41
35 38
35 37
46 50
37 40
45 50
38 40
37 40
34 36
37 40
36 39
34 36
47 51
40 44
39 41
31 33
43 47
47 53
36 42
35 40
35 40
45 53
38 44
39 45
40 46
42 49
45 52
35 41
39 45
45 51
40 46
42 49
42 48
43 50
38 45
46 54
37 42
38 44
39 46
45 52
41 48
38 44
46 55
53 63
44 51
41 49
43 52
39 46
35 41
45 53
37 43
44 51
42 48
36 42
48 54
37 43
40 47
33 38
33 38
40 46
32 37
35 42
38 44
40 46
44 53
44 51
44 52
44 50
38 44
47 55
41 47
40 46
38 44
44 51
45 52
46 53
46 54
40 46
40 46
42 47
45 52
44 52
43 49
47 54
35 40
40 46
44 50
42 48
38 44
39 45
43 51
50 58
46 52
44 51
47 55
38 44
50 58
44 50
43 49
42 48
49 57
40 46
40 46
50 58
41 48
48 54
40 45
48 56
38 44
37 42
40 47
56 65
49 57
41 48
43 50
47 54
46 55
48 56
46 54
43 51
49 58
46 53
43 51
45 52
44 50
38 45
47 53
36 43
50 59
42 50
40 47
44 52
43 52
47 55
46 55
46 54
44 53
44 53
48 56
43 50
48 57
43 50
37 44
44 50
45 53
40 47
48 57
50 59
53 62
40 48
43 49
42 50
42 49
45 53
49 56
45 54
42 49
45 53
48 55
47 55
47 55
47 56
49 57
44 51
52 60
43 52
56 68
45 54
50 58
49 60
47 56
47 56
51 61
45 53
45 53
47 55
47 56
31 35
37 41
37 41
35 39
44 48
39 43
39 43
38 43
34 38
41 46
35 39
37 44
43 49
48 52
37 41
44 48
33 37
35 39
39 43
37 41
34 38
41 46
41 47
45 50
34 38
39 44
35 39
39 47
46 57
45 55
52 65
41 50
39 47
41 49
44 54
54 66
43 52
39 48
36 44
79 101
49 61
47 58
45 54
49 60
41 50
41 49
39 44
44 50
44 50
47 53
42 48
43 49
49 55
42 47
42 49
41 48
40 46
40 47
43 49
42 48
43 50
38 44
44 51
41 46
46 53
46 53
42 48
42 51
44 51
41 46
39 45
39 44
42 49
40 46
42 48
41 47
44 51
39 44
41 47
43 50
40 45
40 47
45 52
38 45
45 52
43 51
51 61
47 54
48 56
42 49
43 51
38 45
41 49
50 59
43 50
48 58
53 64
48 55
40 47
35 43
42 49
43 49
43 51
41 49
36 43
34 41
50 61
42 48
44 56
41 49
41 49
41 48
35 42
40 46
55 65
35 42
34 41
36 43
38 44
36 43
39 48
38 45
36 43
45 51
45 53
38 46
51 58
45 52
36 43
38 45
48 58
54 60
37 43
53 58
36 42
37 43
41 47
44 51
49 58
48 53
57 63
48 53
60 66
55 61
40 48
44 52
42 50
36 44
52 58
33 39
34 40
40 47
46 53
42 48
41 49
53 58
37 43
53 58
43 49
37 43
37 43
39 45
41 48
37 43
55 60
37 43
39 45
42 48
39 45
47 54
37 43
36 42
51 56
43 50
50 55
40 46
43 49
41 48
39 46
38 45
35 41
37 43
37 43
58 64
45 51
41 47
37 43
42 49
39 46
39 47
50 57
46 56
60 66
50 55
38 45
35 41
40 46
52 57
37 43
40 48
45 53
49 55
41 48
37 44
55 60
51 56
34 40
41 48
48 53
34 40
39 46
41 48
58 63
34 40
52 57
47 52
47 53
42 46
47 53
56 63
44 48
46 50
50 56
56 61
49 56
42 46
48 54
43 47
43 47
45 50
51 57
35 41
34 40
31 37
41 48
36 42
35 41
36 44
34 40
40 47
30 36
41 48
37 44
39 48
44 52
43 51
36 42
42 53
39 45
36 42
38 45
39 47
43 51
42 50
34 40
40 49
39 47
37 44
34 41
37 44
37 44
31 37
41 50
35 41
42 50
36 42
34 40
41 47
37 44
39 47
34 40
49 58
45 52
33 39
37 43
38 45
36 43
44 52
32 38
39 46
41 48
35 42
36 42
39 48
34 40
39 46
36 44
36 43
44 52
54 63
38 46
40 47
39 45
40 48
33 40
39 46
45 53
34 40
34 40
48 58
37 44
36 42
41 48
39 46
37 43
35 41
36 42
42 50
41 49
37 45
53 61
36 43
32 38
40 46
45 55
32 39
38 44
34 40
37 43
47 57
47 55
33 40
37 45
38 45
39 46
48 57
37 44
37 45
45 54
35 42
33 39
34 41
36 42
35 41
39 47
38 44
41 49
38 46
36 43
34 41
46 54
37 44
36 42
35 42
33 40
41 48
44 52
38 46
37 44
34 40
34 40
43 50
38 44
37 44
41 49
34 40
39 46
48 57
43 52
31 37
45 54
33 40
39 46
39 47
44 52
36 44
36 42
33 39
35 41
35 41
35 42
35 41
43 48
35 38
41 45
41 46
35 38
31 34
42 45
44 49
37 40
35 39
39 42
32 35
39 42
44 47
41 46
38 41
38 46
42 50
54 65
38 45
48 59
49 59
43 52
38 45
40 47
35 42
40 49
45 53
57 66
37 45
45 55
42 50
37 45
45 53
42 49
43 51
42 50
36 43
35 42
43 53
43 51
54 63
36 44
40 48
42 52
61 73
50 59
37 44
36 43
50 59
44 55
38 46
48 58
44 53
37 45
41 50
42 50
39 47
39 48
41 50
38 47
55 64
32 39
43 51
34 41
37 44
41 48
51 61
35 42
38 46
38 46
38 45
36 44
35 43
41 50
37 44
38 45
33 41
33 40
34 41
43 50
37 46
58 68
33 40
53 64
36 44
44 54
39 48
39 46
47 54
35 42
32 40
50 59
42 50
39 48
40 49
38 47
37 45
38 45
38 47
37 45
37 45
55 65
52 65
40 50
35 44
42 49
43 51
34 41
41 49
41 48
33 40
42 51
42 51
41 50
38 47
41 51
36 45
43 51
40 48
41 48
51 62
33 40
55 65
35 42
38 45
43 50
42 51
42 50
35 42
36 43
36 43
54 64
38 46
40 47
40 47
36 44
38 46
38 45
37 45
58 67
56 65
43 52
60 71
37 44
51 60
32 39
37 44
36 43
36 44
34 41
38 45
42 51
37 45
36 43
41 49
31 38
37 44
53 62
39 46
57 67
39 47
41 49
41 48
40 48
41 52
42 51
64 76
39 48
35 42
34 41
39 47
55 65
36 43
35 42
39 47
32 39
40 48
37 45
44 52
36 43
54 63
35 42
45 52
38 45
40 48
39 48
39 47
39 49
41 49
58 69
39 48
36 43
36 44
37 45
57 67
42 50
56 66
40 48
44 52
42 53
41 49
36 44
33 41
36 43
40 47
35 42
39 46
50 60
36 44
36 44
36 44
55 65
40 48
37 44
39 48
34 41
45 54
51 59
59 70
36 43
48 58
46 56
45 54
36 44
34 41
39 49
43 50
54 65
36 45
42 53
35 42
49 60
56 66
39 47
41 49
35 42
42 50
39 46
35 42
39 46
39 47
39 48
38 45
36 43
35 43
57 67
40 48
42 50
43 53
41 50
42 51
35 42
53 63
56 65
51 60
40 47
42 51
34 41
53 63
39 47
40 50
44 52
43 51
42 51
37 45
35 42
41 48
37 45
39 46
52 62
41 50
60 71
33 40
36 43
54 64
39 47
39 47
39 48
38 46
38 45
36 44
36 43
36 45
35 42
57 68
39 47
35 42
51 61
37 46
41 48
35 44
38 46
42 50
39 46
43 52
33 40
41 48
38 46
41 52
38 45
58 69
42 50
42 50
41 49
39 47
48 58
38 46
40 48
40 49
40 47
34 41
39 46
38 46
54 64
53 67
55 66
43 54
41 49
43 52
37 44
43 52
46 57
39 47
41 49
43 51
41 49
45 54
55 64
44 54
41 50
43 53
43 52
40 47
33 40
46 55
37 44
42 54
37 44
54 63
41 49
40 49
36 46
42 52
54 64
36 44
47 57
33 40
36 44
39 48
41 49
37 44
35 42
37 44
41 49
34 41
41 49
34 41
54 63
37 44
39 46
37 44
41 49
38 45
39 48
43 52
39 47
45 54
41 49
39 47
45 53
36 44
42 50
46 56
40 47
41 52
44 52
39 48
36 44
44 55
42 51
37 45
40 49
37 44
39 49
41 48
42 49
39 47
35 42
41 49
41 49
39 47
40 48
44 52
43 51
39 47
32 39
38 45
40 48
36 45
41 48
38 46
36 43
35 42
39 48
40 46
35 41
49 61
33 39
33 39
40 47
33 39
34 40
37 45
39 46
41 49
37 45
39 46
37 44
33 39
41 49
41 50
42 49
32 38
42 49
44 50
44 52
35 41
44 51
39 46
36 43
44 52
40 48
42 50
35 43
39 46
45 52
42 51
34 38
33 37
32 35
33 37
42 48
37 41
32 37
31 34
33 37
36 41
34 39
29 32
40 47
35 41
38 45
36 41
27 30
45 54
36 40
28 31
29 32
28 31
31 34
36 40
31 35
27 31
34 38
33 37
46 55
34 39
39 44
31 36
36 41
32 36
33 38
33 37
35 40
31 35
37 44
35 40
32 36
31 35
33 37
28 31
27 30
43 51
39 43
35 39
34 39
33 38
34 39
34 38
31 34
39 44
31 35
37 45
35 41
38 44
28 31
30 34
35 40
31 35
35 41
34 40
32 36
35 40
29 33
34 38
41 48
31 35
36 40
38 45
35 41
33 39
35 39
32 36
33 39
34 37
39 46
29 33
32 36
30 34
32 38
39 45
35 40
31 36
31 36
35 41
35 40
39 45
36 42
42 48
35 39
39 44
40 45
36 41
29 32
34 39
30 35
36 41
36 40
33 37
31 35
32 37
34 39
34 40
44 52
33 40
33 36
38 44
26 29
29 32
27 30
34 39
30 34
38 44
35 40
29 33
31 35
37 43
39 46
36 40
32 36
32 36
33 37
32 36
39 45
40 46
34 40
33 36
34 39
33 38
42 48
37 43
31 35
31 35
33 37
42 48
34 38
36 41
38 44
36 40
29 33
44 52
32 36
36 42
34 38
38 44
44 50
30 34
37 43
28 31
40 47
39 45
37 43
31 36
32 35
28 31
35 41
29 33
36 41
42 47
37 42
33 39
38 43
31 36
35 40
32 37
39 48
31 34
52 60
34 38
34 39
30 34
41 49
31 36
42 51
42 49
31 34
31 35
35 40
33 38
36 41
32 36
35 41
36 42
36 41
44 54
46 52
30 34
39 44
37 42
36 40
32 35
34 38
34 38
33 37
29 33
31 35
33 37
38 43
28 32
32 36
38 45
29 33
28 32
36 42
36 41
34 39
28 32
43 47
47 57
32 35
28 32
34 40
34 38
33 37
36 42
43 51
54 63
46 54
42 50
47 55
41 49
41 50
45 54
40 49
49 58
47 56
38 46
52 61
42 51
43 50
43 51
43 50
58 67
45 54
48 56
41 48
40 49
44 52
41 49
40 47
46 54
46 55
36 43
49 58
35 42
46 54
51 59
41 49
45 53
52 64
38 45
39 47
46 54
43 53
47 55
44 52
50 61
43 52
42 52
37 38
30 30
30 30
29 29
29 29
33 33
33 33
34 35
43 44
28 28
37 39
34 34
29 29
29 29
43 44
66 70
41 47
50 59
44 50
62 65
55 60
39 40
68 71
48 57
46 53
46 54
50 58
70 74
59 64
49 59
52 61
62 67
72 77
65 69
64 70
50 54
59 63
41 47
46 53
47 54
44 48
33 34
42 48
48 54
53 58
49 57
51 55
41 49
42 49
47 56
52 60
78 82
72 75
52 57
49 53
47 51
44 51
41 48
43 50
69 72
45 51
49 60
67 71
47 54
68 71
51 57
49 61
35 37
48 59
41 48
52 59
65 69
56 62
43 49
43 51
39 47
62 65
45 52
60 64
50 54
42 49
37 39
48 57
49 53
54 59
43 49
44 53
51 59
52 60
65 68
45 52
64 68
41 49
45 53
43 51
53 57
52 56
61 66
59 63
41 44
30 32
32 34
54 62
67 70
56 60
44 52
54 60
59 65
49 58
42 46
55 61
67 70
67 72
52 57
31 33
54 64
61 78
48 54
53 60
46 52
77 81
47 54
47 55
59 69
52 61
48 55
49 57
51 59
46 53
46 53
51 56
37 38
37 45
52 57
56 61
61 66
59 66
52 60
56 61
43 51
57 60
51 59
32 35
51 60
46 50
45 49
42 48
42 48
41 49
51 55
52 56
44 47
48 58
47 55
50 59
52 60
47 51
48 52
56 60
73 78
45 48
49 59
72 76
49 57
43 50
70 74
45 53
46 55
48 57
54 58
51 58
48 56
48 53
39 46
70 73
42 48
56 65
54 60
62 67
53 61
39 46
45 53
55 62
47 55
46 55
67 70
50 57
44 51
51 58
39 41
41 48
45 51
44 50
40 47
46 54
42 50
54 59
65 68
42 48
52 58
41 47
53 60
49 53
51 55
50 54
47 56
48 53
46 55
46 53
47 54
50 62
47 54
53 58
50 59
71 74
53 62
45 54
46 49
44 51
52 62
57 65
53 59
48 55
39 45
49 54
47 54
44 53
54 60
57 63
46 53
76 81
65 68
62 65
42 50
45 53
44 52
55 61
66 70
44 54
43 50
53 60
44 52
30 32
56 61
45 50
40 47
52 64
65 69
66 71
59 64
45 50
61 65
38 45
45 49
47 53
52 58
50 59
56 60
52 59
63 73
71 74
53 59
62 65
47 55
44 51
49 58
41 47
45 52
75 79
47 51
51 62
56 65
45 53
52 62
54 61
48 55
48 52
41 43
41 48
69 73
48 55
61 66
56 65
68 72
54 63
61 65
52 56
49 54
49 55
67 70
50 59
53 58
41 49
72 76
49 56
45 47
40 42
52 58
52 59
42 48
62 68
44 51
44 50
50 56
40 47
45 51
49 55
63 72
56 64
45 52
48 52
48 50
54 58
38 39
49 56
49 55
79 85
51 55
51 55
34 37
45 52
53 57
35 36
40 48
54 63
46 53
46 50
50 54
46 50
50 57
48 57
47 56
49 57
54 61
43 50
54 61
50 55
66 70
63 67
72 75
47 56
50 55
36 38
61 66
58 63
62 67
65 68
54 59
63 67
51 55
44 50
45 54
64 68
45 48
52 63
40 46
46 55
35 36
53 58
46 54
52 60
38 41
73 78
46 49
42 50
41 48
54 59
61 67
59 69
48 56
49 55
47 51
42 49
47 56
46 53
39 47
42 49
32 34
49 57
52 61
48 52
50 57
45 53
46 53
42 48
41 49
42 49
46 55
46 53
45 51
42 45
48 57
69 73
46 51
43 50
48 57
69 72
49 58
46 54
51 56
44 51
38 40
48 52
45 49
43 51
50 55
47 54
47 55
64 81
50 58
49 56
42 49
55 62
55 61
63 66
52 57
46 54
54 59
71 74
72 78
58 66
38 45
39 46
50 58
55 63
62 65
50 55
45 49
43 49
44 48
50 58
41 48
51 55
51 55
57 64
49 53
55 64
52 61
59 63
49 53
37 44
45 53
67 72
70 73
50 55
42 45
49 60
38 47
42 49
64 73
48 55
69 72
50 54
46 55
40 42
45 52
47 58
42 50
59 64
48 57
65 71
72 75
48 49
60 69
45 52
53 60
53 61
41 43
60 68
46 54
72 78
45 53
73 77
58 62
53 60
46 53
51 56
48 55
42 51
66 69
54 60
49 54
48 52
38 41
47 53
44 51
49 57
49 53
45 52
48 57
68 72
49 56
57 67
41 47
45 53
49 59
41 49
46 53
53 58
67 70
65 72
46 54
47 54
49 56
42 51
70 73
41 48
56 60
54 62
68 71
48 53
47 52
43 51
50 57
49 56
41 48
41 51
47 55
51 59
55 59
47 54
40 47
49 54
68 71
51 55
48 54
45 51
44 53
52 59
49 57
43 53
51 56
57 61
53 58
65 76
47 57
41 48
45 52
52 61
44 51
42 49
47 55
48 57
41 48
40 47
47 57
41 48
45 52
52 61
44 51
42 49
47 55
48 57
41 48
40 47
47 57
41 48
45 52
52 61
44 51
42 49
47 55
48 57
41 48
40 47
47 57
41 48
45 52
52 61
44 51
42 49
47 55
48 57
41 48
40 47
45 54
42 49
54 65
49 57
44 53
52 60
47 55
47 56
40 47
39 46
43 50
51 61
40 47
46 55
48 56
44 53
46 55
48 57
36 43
42 50
46 55
45 54
43 51
49 58
50 60
44 52
41 49
44 53
42 50
51 61
41 48
43 50
41 48
41 49
42 49
46 55
44 52
40 47
45 53
41 49
36 43
44 53
47 55
46 54
41 49
46 55
38 45
43 51
41 49
48 57
40 47
46 55
42 50
40 48
45 54
51 61
45 53
40 48
40 48
40 48
49 59
47 55
48 57
42 50
40 48
45 53
49 61
46 54
42 51
39 46
49 58
48 56
42 51
43 52
51 59
46 54
42 50
45 54
43 51
43 51
40 47
43 51
49 59
43 51
43 51
45 53
52 61
44 52
46 54
48 56
46 56
48 56
43 52
43 51
48 57
43 51
40 47
45 53
48 57
47 55
44 52
42 51
45 53
47 56
42 49
43 51
42 50
45 53
41 48
42 50
43 51
42 49
51 62
52 64
43 52
65 79
42 49
40 47
46 56
46 54
44 52
46 53
40 47
41 49
41 50
42 50
42 50
46 54
45 53
44 54
41 49
44 52
47 55
44 52
44 52
41 49
39 46
47 55
37 46
50 57
41 48
55 64
47 55
50 58
41 48
39 46
41 48
57 67
57 73
35 42
40 48
35 42
36 43
46 53
41 49
40 48
48 56
43 50
47 55
47 56
61 71
35 42
42 50
40 50
75 95
40 50
45 52
50 58
39 47
45 55
48 58
50 57
43 52
40 47
42 50
47 55
43 50
50 60
41 48
47 57
48 57
40 47
43 52
52 65
47 56
42 51
48 59
40 48
41 50
38 45
38 46
41 50
44 53
46 55
39 47
44 47
30 31
30 31
34 36
33 35
35 38
31 34
39 43
28 30
33 34
32 33
36 42
51 61
39 46
35 42
44 52
37 43
39 45
38 45
45 49
48 54
46 51
49 53
46 51
47 53
52 59
53 61
54 62
51 59
48 55
57 64
51 57
49 54
53 60
57 66
45 50
51 58
44 49
51 58
53 62
71 83
50 58
54 60
45 49
54 60
49 56
44 49
58 68
55 64
50 56
59 67
40 44
58 65
50 55
57 65
50 58
45 50
48 53
54 62
53 61
48 53
54 63
47 53
48 53
55 63
46 52
51 61
50 55
51 59
52 59
52 60
50 57
50 57
49 54
54 62
53 60
51 59
59 67
55 63
50 58
43 48
53 60
42 46
47 53
46 51
71 85
53 61
41 46
47 53
50 57
51 58
44 48
49 55
50 57
52 59
49 56
55 63
49 53
60 69
53 59
59 71
52 58
55 62
57 67
55 63
45 50
52 57
48 53
40 44
52 59
50 57
38 42
38 42
46 50
48 54
43 48
44 49
42 46
43 48
44 49
41 45
48 54
47 52
48 57
39 46
36 42
38 45
40 48
34 40
37 44
42 49
41 48
40 48
39 46
38 45
41 50
38 46
44 52
39 47
44 51
37 44
40 50
40 49
45 53
49 60
43 53
49 61
45 55
39 47
46 54
42 50
43 51
42 51
38 46
34 41
42 50
46 54
44 51
44 54
38 46
37 44
41 49
46 54
39 47
37 45
42 49
38 46
38 45
44 51
40 46
40 47
47 58
46 56
43 51
43 50
42 50
44 54
48 59
36 42
41 48
37 43
47 53
38 46
36 42
42 51
42 50
36 43
48 56
42 49
42 49
50 58
44 51
42 50
38 46
44 52
38 46
36 43
38 45
38 44
43 51
39 46
37 43
40 47
39 46
39 45
42 50
45 54
41 49
37 44
53 60
43 51
42 49
42 49
38 45
44 51
38 44
45 52
40 47
40 47
48 59
40 47
34 41
43 52
43 52
42 49
44 51
35 42
41 49
55 63
38 45
37 44
49 56
44 52
38 47
40 47
39 46
42 50
38 44
43 51
55 65
38 45
38 45
37 44
42 49
44 51
35 42
43 51
48 58
40 47
39 48
41 48
48 57
43 52
42 51
39 47
42 49
45 53
39 47
42 51
45 53
39 46
41 50
42 50
37 45
45 53
35 42
50 58
48 56
36 42
41 49
41 50
42 50
42 50
47 58
37 45
50 61
42 51
40 49
40 49
39 48
45 55
41 50
39 47
38 47
35 42
39 48
46 54
38 46
39 47
37 45
37 44
46 55
51 59
41 50
41 49
42 51
40 47
40 48
45 53
40 48
36 43
37 44
38 45
49 58
49 59
44 51
36 43
41 49
40 47
44 52
41 49
42 50
37 44
45 56
35 42
41 48
49 57
47 55
46 53
44 52
44 52
59 71
44 52
42 49
44 51
53 63
54 63
48 57
44 52
55 66
43 50
44 52
44 52
52 63
46 55
43 51
52 62
48 57
43 50
44 52
45 52
48 56
53 63
59 68
55 67
43 50
47 55
45 52
51 59
67 81
64 77
62 73
66 79
59 70
62 74
39 46
56 65
65 77
64 76
39 47
40 48
59 70
66 78
57 69
60 71
57 69
59 71
48 59
68 82
40 47
66 78
66 78
62 73
60 73
59 70
59 70
43 53
66 78
69 83
61 73
68 82
68 79
73 89
43 52
67 80
61 72
64 78
64 75
39 46
63 74
63 77
64 77
48 57
67 80
68 79
42 50
47 58
64 76
71 87
68 81
66 77
70 84
70 84
66 79
56 63
56 63
58 67
38 45
39 46
69 79
46 54
43 51
51 61
49 56
46 55
38 44
51 57
38 46
46 52
58 65
43 51
60 68
59 68
46 55
54 63
61 71
44 52
41 49
43 49
43 51
42 50
42 50
49 57
50 59
47 57
40 47
45 54
55 62
46 53
65 73
45 51
39 45
46 54
47 57
42 51
42 49
62 72
58 66
41 49
43 54
64 75
54 63
38 45
45 54
42 48
45 53
38 47
46 52
40 47
43 50
45 53
44 51
41 48
47 55
48 58
51 59
45 54
60 67
59 68
44 50
65 74
42 50
40 46
41 48
50 57
42 52
44 53
58 66
46 53
44 51
59 67
43 48
54 62
58 66
39 46
42 49
42 49
39 49
49 57
59 67
41 48
46 54
47 56
45 53
45 51
47 54
47 55
47 54
49 60
38 44
43 49
40 46
45 53
43 51
39 45
46 54
57 65
52 59
50 59
45 53
45 55
41 49
51 58
44 51
37 44
55 65
60 68
57 65
47 56
57 65
39 46
43 51
42 49
57 65
36 42
37 42
59 67
43 50
47 56
45 55
44 52
64 74
67 76
52 59
41 48
58 66
42 49
46 56
46 53
47 55
68 78
45 54
46 55
46 53
53 64
50 64
44 53
44 51
52 60
50 58
43 52
67 78
69 81
45 52
52 59
59 67
64 73
40 46
43 50
46 53
65 75
46 53
46 54
59 67
39 47
41 47
37 43
50 60
42 50
44 52
45 51
52 63
63 71
43 51
43 50
47 55
43 51
43 51
59 67
37 43
48 56
55 63
47 53
62 71
50 59
49 58
40 47
47 56
42 51
45 56
54 64
44 51
54 63
40 46
43 51
40 46
39 46
45 54
58 65
53 61
49 57
52 61
39 45
43 51
48 56
49 59
66 75
52 59
55 64
48 57
44 52
46 54
44 52
48 56
46 54
55 64
48 56
71 81
41 48
60 69
49 60
55 65
47 57
46 53
41 50
46 53
44 52
49 56
41 49
40 46
47 58
74 89
40 48
41 48
50 57
56 66
67 76
51 59
52 60
63 72
61 70
51 59
42 49
49 56
40 48
43 52
39 48
61 70
48 55
56 65
51 58
56 65
45 52
43 51
41 48
52 61
44 50
45 53
49 58
44 54
39 47
47 54
38 44
62 72
42 49
40 47
58 67
44 51
40 47
56 64
59 69
44 52
40 49
45 54
53 60
52 59
43 49
39 46
40 47
61 74
39 48
45 52
42 49
54 62
45 52
54 61
50 57
61 70
50 59
63 72
62 71
40 48
43 50
44 55
41 47
68 79
71 82
51 59
45 52
43 50
48 56
39 45
37 43
62 71
44 52
42 47
46 55
39 45
49 58
45 52
41 48
40 47
43 50
45 53
41 48
49 59
63 71
65 75
60 70
53 59
61 71
61 71
46 57
47 54
44 51
44 52
62 71
58 67
51 59
66 75
55 62
49 58
37 45
42 48
39 46
42 51
51 61
50 58
47 56
39 46
47 55
43 50
50 62
45 52
57 65
52 60
43 49
70 81
61 70
45 53
50 59
46 53
44 53
57 65
39 46
46 55
60 70
40 48
61 70
43 50
48 54
52 59
45 53
54 62
41 48
42 48
50 60
47 55
46 55
43 53
63 71
43 49
44 52
37 44
36 45
42 49
42 50
47 55
48 55
47 54
66 83
41 47
65 73
46 54
46 52
55 64
51 59
50 58
54 62
56 67
45 54
46 53
40 46
37 43
43 49
50 60
39 45
60 70
47 54
41 50
45 52
49 57
60 68
59 67
61 71
36 42
36 42
38 44
45 52
43 49
40 45
50 64
39 45
64 72
49 59
58 68
47 56
37 43
43 51
59 70
40 47
54 64
56 63
42 48
40 48
39 45
43 51
43 52
47 58
47 55
50 58
39 48
57 65
48 56
56 67
37 44
48 55
56 63
42 50
42 48
58 69
47 55
52 59
50 57
44 52
47 55
59 67
64 72
51 58
39 46
64 73
50 58
44 50
45 51
44 50
43 50
40 45
37 43
63 71
65 73
42 48
47 57
44 52
43 51
46 54
42 49
49 60
44 52
42 51
44 52
36 41
46 54
49 57
41 47
52 61
42 48
43 52
45 54
45 52
47 54
46 54
39 45
42 48
47 54
42 49
65 74
45 52
43 48
55 63
53 63
48 58
49 58
46 55
53 62
48 57
46 53
45 53
42 49
42 52
40 47
42 50
39 45
38 43
66 77
49 59
35 41
37 44
57 66
45 51
42 49
66 75
75 85
54 61
51 62
48 56
53 62
49 55
49 58
41 50
66 78
46 54
43 51
62 73
43 52
61 71
45 53
59 66
56 63
47 56
72 81
42 49
45 52
46 52
46 52
42 49
36 42
45 52
43 51
48 58
42 50
40 47
50 58
43 50
42 50
48 56
43 51
40 47
52 61
37 44
45 54
40 47
37 44
43 51
49 58
47 57
42 51
52 61
46 54
39 47
48 57
53 63
45 54
54 69
43 52
42 50
38 46
41 48
52 61
46 55
55 65
48 56
45 53
53 63
42 49
40 48
46 55
42 51
50 59
47 54
41 48
49 58
37 44
52 64
46 55
46 56
42 51
46 57
43 53
55 67
50 64
45 56
57 72
50 60
46 59
49 60
49 60
51 62
43 53
49 62
43 54
46 57
58 72
51 63
52 63
44 55
53 66
41 51
46 56
43 53
52 64
47 59
50 62
48 59
46 57
53 66
52 66
51 62
47 58
47 59
46 57
51 64
52 65
52 65
50 62
38 45
40 47
43 50
43 51
44 53
37 43
35 41
39 46
53 65
44 52
46 53
49 59
46 55
45 53
48 56
41 47
43 50
44 51
39 46
45 54
41 47
45 53
47 55
44 53
41 48
47 55
53 64
44 51
39 46
42 49
48 57
49 58
45 51
45 52
42 50
45 54
48 58
53 67
49 61
49 62
55 67
56 69
61 76
46 58
49 61
55 68
52 66
54 66
49 61
54 68
48 60
53 67
55 68
49 63
49 62
48 60
54 67
62 76
43 54
48 61
47 59
51 65
50 62
56 70
59 76
55 68
53 66
51 63
48 60
56 70
52 65
54 67
56 72
51 63
53 66
69 83
48 60
42 53
48 61
55 68
46 58
52 66
48 59
55 68
53 65
53 66
49 61
50 65
53 65
42 53
69 87
51 63
51 65
53 66
51 64
51 63
47 59
51 65
47 58
40 48
38 45
35 40
42 50
40 47
42 48
44 51
47 55
40 47
43 49
44 52
50 59
47 55
43 50
38 45
49 57
39 46
42 48
41 48
40 46
38 44
54 67
42 48
38 44
38 45
75 97
37 43
35 41
51 60
38 44
43 51
43 50
37 43
42 50
42 48
41 48
42 49
42 48
40 47
38 44
44 51
45 54
36 41
39 45
44 50
41 48
40 46
37 42
41 46
40 48
40 47
46 54
40 46
42 48
37 44
41 48
38 44
41 47
44 51
37 43
38 43
40 47
37 43
41 47
40 47
42 48
40 46
43 51
40 48
42 49
43 50
43 49
37 43
44 52
47 56
53 66
53 65
51 62
48 60
44 56
42 53
51 63
47 59
46 57
41 51
48 61
48 59
51 63
44 55
48 62
47 58
43 54
45 56
45 56
51 62
51 62
56 68
51 62
54 69
42 52
48 59
48 59
44 55
45 56
54 67
47 58
45 56
44 55
50 63
50 61
53 65
49 61
52 64
46 57
43 54
46 57
52 64
54 67
47 57
42 52
49 61
61 77
45 55
40 50
41 51
60 73
57 70
46 57
48 59
41 48
45 53
51 60
58 67
42 50
50 57
49 58
41 48
45 53
45 52
45 53
48 56
58 68
44 52
48 56
38 44
48 56
45 54
46 54
42 50
47 54
50 58
43 52
39 46
47 56
43 51
48 54
52 62
44 53
41 49
45 52
44 51
56 64
55 64
44 51
38 45
44 51
33 38
40 45
46 54
42 50
44 51
43 50
52 59
55 63
57 65
60 71
44 51
44 51
50 58
49 57
52 60
51 58
48 55
49 56
44 51
46 54
56 63
48 55
49 57
42 49
53 62
40 46
46 53
38 44
65 77
48 56
43 44
56 64
55 62
40 46
52 59
46 55
43 50
38 44
35 41
40 47
40 47
54 62
45 55
51 59
47 54
44 50
48 55
53 61
41 48
46 52
52 61
51 60
39 46
61 75
54 61
57 64
50 58
39 46
62 72
51 58
32 37
60 70
45 53
48 55
51 58
50 58
42 49
45 52
39 43
56 64
44 51
57 65
56 63
42 49
54 65
44 50
52 62
46 53
43 49
41 47
61 71
44 50
46 52
50 58
38 45
44 51
50 57
43 50
41 47
42 48
51 59
53 61
46 54
53 61
43 49
37 44
49 55
43 50
48 55
54 62
38 44
46 53
43 49
56 63
49 57
42 49
46 53
57 68
28 32
47 54
49 58
46 54
41 46
52 59
47 55
48 55
57 67
48 55
42 50
48 56
42 48
48 55
43 50
38 45
47 57
45 53
43 49
50 59
39 46
42 48
39 45
45 52
40 46
45 54
56 64
55 63
43 51
43 50
51 59
45 53
47 55
49 57
47 53
49 58
41 48
47 55
46 53
55 63
47 55
52 60
49 56
51 60
45 52
56 65
49 57
42 48
60 68
41 47
39 45
37 43
59 67
45 53
50 57
47 55
55 65
44 51
35 42
41 47
45 52
60 71
54 62
47 56
31 36
47 54
52 59
33 39
45 51
47 54
47 54
45 52
55 62
54 61
41 47
53 61
47 55
50 58
54 63
27 31
44 50
53 62
37 44
55 64
47 55
48 55
43 51
50 58
36 42
49 59
43 51
47 55
59 67
54 64
51 59
65 73
42 48
46 52
45 53
40 45
47 55
44 52
49 57
58 67
52 60
40 40
40 47
43 50
45 53
46 54
43 52
49 55
53 60
49 59
52 60
44 50
51 59
48 56
43 49
50 59
48 55
48 55
56 65
47 55
48 56
52 59
34 39
68 79
59 67
52 60
56 66
29 33
44 49
31 35
45 52
56 64
45 54
42 48
54 63
44 50
34 34
38 45
44 50
48 55
52 61
48 55
45 52
54 63
41 48
43 49
50 58
46 54
47 55
45 56
50 57
51 59
40 47
55 63
45 52
51 60
48 55
47 55
51 58
51 60
49 58
57 67
62 72
40 49
42 50
57 71
61 72
56 65
44 50
55 63
49 59
39 46
57 65
54 62
64 73
55 64
46 53
40 47
49 56
59 69
51 60
49 57
44 51
52 60
53 59
44 51
49 56
46 52
40 47
47 54
49 56
49 56
37 43
36 43
51 58
52 61
62 74
48 55
59 70
47 55
43 50
52 60
50 58
57 65
47 53
51 59
58 68
38 44
41 47
36 40
46 53
43 51
38 44
44 51
52 59
43 51
41 48
44 51
42 49
46 54
46 54
43 49
39 46
65 74
50 58
39 46
40 47
49 58
46 54
50 57
46 54
53 61
54 62
40 47
39 46
43 49
54 63
45 52
48 55
46 53
52 59
41 47
57 65
50 58
54 62
49 57
54 62
52 59
46 54
44 51
41 47
58 69
47 55
43 50
34 34
44 51
51 58
46 53
45 51
52 59
62 72
40 47
53 60
65 76
45 53
49 57
48 56
44 54
57 67
43 50
53 61
47 53
50 58
43 50
48 49
66 75
48 56
45 52
56 64
53 62
63 73
48 58
38 41
57 65
63 72
49 56
50 58
58 66
58 65
43 49
50 59
54 63
59 69
55 63
52 60
50 57
50 57
51 60
44 53
52 58
47 54
46 56
49 56
50 57
45 52
52 59
39 45
43 49
46 54
32 36
26 30
42 47
47 53
54 63
49 56
42 49
52 61
52 61
43 49
39 45
38 44
43 49
54 63
42 49
38 45
57 68
53 61
49 57
60 70
55 63
44 51
50 58
43 50
50 61
50 57
42 48
37 44
38 38
38 47
42 48
50 58
54 63
46 55
46 54
44 52
48 55
55 63
47 54
57 67
44 52
50 58
29 33
51 60
49 56
49 58
29 33
43 49
30 35
47 54
61 70
60 73
50 58
47 54
45 52
46 54
38 45
45 52
45 53
40 45
53 62
51 59
47 54
60 69
51 61
50 58
54 62
49 56
40 46
50 57
43 50
52 60
48 56
59 67
45 53
56 66
53 62
51 58
46 54
46 53
53 61
42 50
48 55
45 52
41 47
41 49
44 51
40 48
54 62
45 53
41 47
57 66
53 62
47 54
42 48
50 57
52 60
50 59
55 67
43 50
49 60
50 58
62 74
61 70
47 53
41 48
47 54
42 50
40 46
49 57
54 62
54 64
56 66
54 62
43 50
53 61
51 59
54 61
41 48
52 60
38 44
43 50
41 47
49 56
48 55
61 70
52 60
48 56
56 64
42 49
44 51
53 62
73 88
43 49
52 60
52 61
48 56
47 55
48 55
48 55
49 57
42 48
37 44
56 64
48 58
58 66
45 53
51 59
41 49
49 58
51 58
46 53
45 53
40 46
41 48
40 46
45 53
58 68
54 63
46 54
42 51
52 61
39 45
43 50
38 45
41 49
38 45
36 42
44 51
42 51
34 40
46 52
37 43
51 61
36 42
44 51
47 57
47 55
49 60
42 51
42 50
46 55
40 47
39 45
41 48
41 49
44 52
41 49
41 47
41 48
50 59
45 54
43 51
37 43
42 49
48 54
45 54
43 51
47 55
35 41
34 41
37 44
35 42
45 55
36 44
43 52
41 50
41 50
39 46
42 51
35 43
45 55
35 42
43 51
38 46
31 37
42 52
45 54
45 54
36 42
38 46
40 48
48 60
44 51
45 56
42 52
46 57
41 50
36 43
42 51
50 60
41 50
39 47
37 45
37 45
47 57
38 46
42 52
45 56
41 51
43 53
35 43
39 48
35 42
39 47
36 43
42 49
38 44
43 54
42 51
35 43
37 43
43 52
35 43
38 46
44 54
41 49
39 46
38 46
37 45
42 52
42 52
42 53
41 49
33 40
42 51
42 50
38 45
35 41
42 51
38 46
40 50
48 59
40 49
40 48
40 51
39 46
40 49
41 50
40 49
42 51
45 54
43 52
36 44
39 48
38 47
42 51
48 58
42 51
39 48
41 49
34 42
38 46
46 55
35 41
38 45
38 46
37 44
46 56
49 60
38 46
39 47
39 47
37 46
42 50
42 52
37 44
46 58
64 81
42 51
40 48
41 49
38 45
35 41
37 45
37 44
39 46
40 47
50 59
40 49
38 45
41 47
48 59
36 43
36 43
38 46
44 52
38 46
43 52
36 42
34 41
34 41
41 50
43 50
38 45
41 50
37 45
44 54
40 49
36 43
45 53
41 47
36 42
38 44
43 53
44 54
35 42
37 44
54 64
44 55
35 42
39 47
40 49
41 48
37 44
34 42
44 53
39 46
44 52
36 43
43 53
45 55
39 47
44 52
46 55
45 55
47 58
42 51
35 43
41 50
41 49
33 39
37 45
41 50
37 46
52 64
44 53
36 44
39 47
36 43
39 48
39 47
52 66
45 55
40 47
39 47
40 47
33 39
34 40
45 53
50 61
38 46
44 53
44 51
40 48
43 51
44 53
39 46
37 45
32 38
42 49
41 52
41 49
40 48
40 49
42 49
43 53
38 46
48 59
35 41
38 46
40 49
47 55
37 44
41 50
41 52
37 44
41 51
42 50
47 56
36 44
43 51
37 44
47 56
42 50
46 54
45 53
37 45
48 60
43 50
40 47
46 55
41 49
36 43
42 49
45 56
42 52
36 44
46 55
41 52
39 49
46 55
48 57
43 51
36 43
47 58
42 53
37 45
50 58
42 51
37 44
31 37
42 53
39 47
47 56
38 46
46 57
44 53
36 45
44 53
40 48
43 52
39 47
43 51
47 56
38 45
47 56
42 51
37 45
40 49
40 47
45 55
38 46
47 59
38 47
43 53
39 47
36 42
39 47
40 50
36 44
40 49
41 51
39 47
43 52
39 45
44 52
42 53
42 53
37 43
35 42
43 54
35 42
43 53
38 47
42 51
41 50
49 62
42 51
38 47
39 47
46 55
48 58
43 52
38 45
47 57
33 39
42 50
41 51
42 52
44 55
37 47
46 53
46 55
43 52
41 49
37 45
37 44
46 55
36 44
42 52
37 44
38 45
38 44
46 55
37 45
41 51
45 54
35 41
40 50
39 47
38 47
39 48
38 45
46 53
50 60
46 57
45 55
42 49
47 57
37 44
40 49
39 48
43 52
40 48
39 47
41 48
41 48
42 52
39 48
41 50
40 49
36 43
40 48
40 48
37 45
44 54
38 45
42 50
47 58
40 48
43 54
44 53
43 53
45 55
44 54
41 50
42 51
37 44
37 44
36 43
42 52
42 51
61 80
35 42
45 54
41 50
39 47
41 49
39 47
47 57
42 51
41 48
42 49
43 53
46 54
45 53
37 44
43 52
46 55
41 49
42 52
39 47
49 61
37 44
40 47
36 43
39 47
42 50
39 47
37 45
41 50
46 56
43 52
39 48
44 53
41 49
38 46
41 50
43 52
43 52
45 54
39 48
45 55
40 48
43 51
45 55
41 49
48 58
49 60
47 58
39 47
39 46
36 43
37 44
37 44
44 53
40 48
47 55
40 48
46 55
48 58
41 49
40 49
59 69
41 51
40 48
44 53
41 49
48 58
48 59
45 54
48 59
42 51
50 61
50 61
49 60
50 62
43 53
38 46
40 49
46 56
44 54
45 55
37 45
44 53
48 59
51 62
50 61
46 55
42 51
51 61
40 48
46 56
53 64
44 53
45 55
52 64
39 47
44 52
41 50
49 59
46 55
45 53
42 51
51 62
48 58
38 47
43 53
51 60
43 52
50 61
43 52
43 53
47 57
45 54
45 54
47 57
46 55
37 45
45 55
47 59
42 51
41 50
47 57
41 50
38 46
41 49
42 51
38 47
40 48
39 47
41 48
43 52
40 48
41 49
40 49
43 52
44 54
37 45
58 72
40 49
46 54
39 46
47 56
45 54
49 59
47 56
44 51
40 46
43 50
41 48
50 56
49 62
46 54
38 45
43 52
45 54
37 44
44 54
50 60
46 55
46 56
51 61
45 54
45 52
43 51
37 44
59 70
43 50
34 40
33 39
41 48
45 53
50 59
40 47
49 59
50 59
43 51
43 48
42 49
42 50
42 50
37 46
43 52
40 49
59 70
52 60
41 49
40 48
50 59
47 55
46 57
46 52
41 48
35 42
46 54
42 49
48 57
41 48
44 51
52 63
41 48
44 52
38 43
40 47
47 56
52 61
42 50
41 49
42 51
36 43
47 56
42 49
41 50
48 55
40 47
38 45
40 47
46 53
37 44
46 55
41 50
41 49
41 49
41 48
46 53
41 49
45 54
40 47
50 61
51 62
49 56
45 54
43 50
43 52
43 51
42 53
42 51
49 57
40 47
41 49
51 60
52 63
39 46
54 61
48 58
45 55
45 52
43 52
42 51
43 52
50 59
46 55
40 45
43 50
42 50
45 53
46 54
42 50
53 62
46 54
43 51
43 51
50 60
43 52
41 48
48 57
42 50
42 50
41 49
44 52
41 48
37 44
46 54
46 54
43 52
47 55
40 47
44 52
49 59
48 60
51 63
48 58
50 58
40 48
54 64
48 58
48 58
44 53
42 50
45 55
42 49
44 53
45 54
48 57
49 56
50 61
47 57
49 58
47 56
42 49
49 59
40 48
49 58
39 48
43 51
39 46
55 65
54 65
50 59
50 59
44 53
40 47
42 50
45 53
44 53
55 65
48 57
40 48
41 48
44 51
49 57
54 64
51 59
48 57
41 49
45 54
52 63
50 62
45 53
48 58
53 60
39 46
48 57
45 53
48 57
49 58
45 53
55 66
46 54
44 54
44 52
40 48
46 56
51 60
49 59
45 54
46 55
49 58
47 57
49 58
48 57
45 53
48 57
51 61
43 51
44 52
46 53
47 56
49 59
42 50
48 58
47 55
48 58
48 61
47 55
41 48
47 56
42 49
48 57
50 63
48 56
44 52
49 58
42 49
40 48
42 50
41 48
42 49
41 49
49 59
35 39
34 39
47 58
40 48
29 33
38 43
40 47
32 37
27 31
37 41
30 34
42 49
28 32
39 43
29 33
30 34
34 38
31 36
43 48
30 34
36 39
33 37
36 39
45 52
29 33
28 32
38 43
29 33
33 37
32 36
30 34
41 45
41 46
27 31
39 42
30 36
46 53
33 37
41 50
30 34
32 38
37 44
40 48
37 41
47 52
45 48
41 47
32 36
32 36
38 42
30 34
33 38
43 46
34 38
35 39
32 36
33 39
31 36
29 33
40 44
39 45
37 41
40 44
36 39
37 44
29 33
32 38
33 38
34 39
48 53
36 40
30 34
33 37
47 53
34 39
29 33
41 45
42 46
38 42
29 33
42 48
40 45
36 41
45 50
28 32
43 51
32 37
38 42
28 32
34 38
36 42
37 41
36 41
36 41
56 66
38 44
30 34
28 32
43 48
39 45
35 39
34 38
34 41
36 42
32 36
30 34
36 39
35 40
32 38
34 40
36 39
41 47
33 37
35 38
34 39
35 39
30 34
39 43
38 42
39 44
32 36
33 37
27 31
33 37
33 37
35 39
46 54
28 32
37 41
35 40
48 54
38 45
29 33
29 33
39 44
50 56
32 38
27 31
35 39
36 40
31 35
49 56
38 41
41 49
33 39
46 55
40 43
35 38
29 33
34 39
29 33
38 42
35 39
39 44
29 33
38 44
32 37
43 47
33 37
37 40
35 40
41 45
36 39
29 33
35 39
34 38
42 49
31 35
50 62
33 37
33 37
31 35
31 35
38 44
36 41
36 41
30 34
38 42
39 44
27 31
35 38
28 32
39 44
35 40
37 41
38 44
43 49
37 42
49 58
36 39
36 41
36 40
36 43
50 59
33 40
32 39
50 61
40 49
45 54
38 45
45 55
37 45
39 47
37 44
37 44
35 42
39 47
36 44
64 78
39 47
38 46
40 48
37 44
52 65
40 49
42 53
39 47
38 46
38 45
42 52
48 58
33 40
36 43
39 48
45 54
47 59
53 63
40 49
35 42
42 51
38 47
34 41
46 58
42 51
43 52
39 47
43 52
36 43
52 63
39 48
40 48
38 46
43 54
41 51
43 53
41 49
40 48
40 47
45 55
34 41
36 45
40 49
42 51
53 63
39 48
37 45
36 45
41 48
35 43
33 35
40 43
44 52
49 54
33 36
32 34
42 45
38 41
45 47
44 48
40 43
35 37
40 44
36 39
54 63
33 35
37 39
48 54
45 49
36 39
33 35
38 41
36 38
32 34
34 36
42 45
38 42
41 45
41 44
46 51
34 36
34 38
38 40
40 43
42 44
36 38
37 39
46 49
40 43
42 45
38 41
36 38
35 39
40 44
37 40
38 41
36 39
32 34
36 38
44 49
42 46
33 35
41 44
41 44
37 41
39 43
32 34
48 53
32 34
49 55
46 48
40 42
35 37
36 38
44 47
44 50
39 43
44 47
40 44
36 40
44 46
36 38
44 49
39 42
52 58
40 43
38 40
36 38
38 41
37 39
39 42
44 48
34 36
41 45
35 38
42 46
34 36
37 39
33 35
41 46
37 39
34 36
39 41
35 38
35 37
46 50
37 40
45 50
38 40
37 40
34 36
37 40
36 39
34 36
47 51
40 44
39 41
31 33
43 47
47 53
36 42
35 40
35 40
45 53
38 44
39 45
40 46
42 49
45 52
35 41
39 45
45 51
40 46
42 49
42 48
43 50
38 45
46 54
37 42
38 44
39 46
45 52
41 48
38 44
46 55
53 63
44 51
41 49
43 52
39 46
35 41
45 53
37 43
44 51
42 48
36 42
48 54
37 43
40 47
33 38
33 38
40 46
32 37
35 42
38 44
40 46
44 53
44 51
44 52
44 50
38 44
47 55
41 47
40 46
38 44
44 51
45 52
46 53
46 54
40 46
40 46
42 47
45 52
44 52
43 49
47 54
35 40
40 46
44 50
42 48
38 44
39 45
43 51
50 58
46 52
44 51
47 55
38 44
50 58
44 50
43 49
42 48
49 57
40 46
40 46
50 58
41 48
48 54
40 45
48 56
38 44
37 42
40 47
56 65
49 57
41 48
43 50
47 54
46 55
48 56
46 54
43 51
49 58
46 53
43 51
45 52
44 50
38 45
47 53
36 43
50 59
42 50
40 47
44 52
43 52
47 55
46 55
46 54
44 53
44 53
48 56
43 50
48 57
43 50
37 44
44 50
45 53
40 47
48 57
50 59
53 62
40 48
43 49
42 50
42 49
45 53
49 56
45 54
42 49
45 53
48 55
47 55
47 55
47 56
49 57
44 51
52 60
43 52
56 68
45 54
50 58
49 60
47 56
47 56
51 61
45 53
45 53
47 55
47 56
31 35
37 41
37 41
35 39
44 48
39 43
39 43
38 43
34 38
41 46
35 39
37 44
43 49
48 52
37 41
44 48
33 37
35 39
39 43
37 41
34 38
41 46
41 47
45 50
34 38
39 44
35 39
39 47
46 57
45 55
52 65
41 50
39 47
41 49
44 54
54 66
43 52
39 48
36 44
79 101
49 61
47 58
45 54
49 60
41 50
41 49
39 44
44 50
44 50
47 53
42 48
43 49
49 55
42 47
42 49
41 48
40 46
40 47
43 49
42 48
43 50
38 44
44 51
41 46
46 53
46 53
42 48
42 51
44 51
41 46
39 45
39 44
42 49
40 46
42 48
41 47
44 51
39 44
41 47
43 50
40 45
40 47
45 52
38 45
45 52
43 51
51 61
47 54
48 56
42 49
43 51
38 45
41 49
50 59
43 50
48 58
53 64
48 55
40 47
35 43
42 49
43 49
43 51
41 49
36 43
34 41
50 61
42 48
44 56
41 49
41 49
41 48
35 42
40 46
55 65
35 42
34 41
36 43
38 44
36 43
39 48
38 45
36 43
45 51
45 53
38 46
51 58
45 52
36 43
38 45
48 58
54 60
37 43
53 58
36 42
37 43
41 47
44 51
49 58
48 53
57 63
48 53
60 66
55 61
40 48
44 52
42 50
36 44
52 58
33 39
34 40
40 47
46 53
42 48
41 49
53 58
37 43
53 58
43 49
37 43
37 43
39 45
41 48
37 43
55 60
37 43
39 45
42 48
39 45
47 54
37 43
36 42
51 56
43 50
50 55
40 46
43 49
41 48
39 46
38 45
35 41
37 43
37 43
58 64
45 51
41 47
37 43
42 49
39 46
39 47
50 57
46 56
60 66
50 55
38 45
35 41
40 46
52 57
37 43
40 48
45 53
49 55
41 48
37 44
55 60
51 56
34 40
41 48
48 53
34 40
39 46
41 48
58 63
34 40
52 57
47 52
47 53
42 46
47 53
56 63
44 48
46 50
50 56
56 61
49 56
42 46
48 54
43 47
43 47
45 50
51 57
35 41
34 40
31 37
41 48
36 42
35 41
36 44
34 40
40 47
30 36
41 48
37 44
39 48
44 52
43 51
36 42
42 53
39 45
36 42
38 45
39 47
43 51
42 50
34 40
40 49
39 47
37 44
34 41
37 44
37 44
31 37
41 50
35 41
42 50
36 42
34 40
41 47
37 44
39 47
34 40
49 58
45 52
33 39
37 43
38 45
36 43
44 52
32 38
39 46
41 48
35 42
36 42
39 48
34 40
39 46
36 44
36 43
44 52
54 63
38 46
40 47
39 45
40 48
33 40
39 46
45 53
34 40
34 40
48 58
37 44
36 42
41 48
39 46
37 43
35 41
36 42
42 50
41 49
37 45
53 61
36 43
32 38
40 46
45 55
32 39
38 44
34 40
37 43
47 57
47 55
33 40
37 45
38 45
39 46
48 57
37 44
37 45
45 54
35 42
33 39
34 41
36 42
35 41
39 47
38 44
41 49
38 46
36 43
34 41
46 54
37 44
36 42
35 42
33 40
41 48
44 52
38 46
37 44
34 40
34 40
43 50
38 44
37 44
41 49
34 40
39 46
48 57
43 52
31 37
45 54
33 40
39 46
39 47
44 52
36 44
36 42
33 39
35 41
35 41
35 42
35 41
43 48
35 38
41 45
41 46
35 38
31 34
42 45
44 49
37 40
35 39
39 42
32 35
39 42
44 47
41 46
38 41
38 46
42 50
54 65
38 45
48 59
49 59
43 52
38 45
40 47
35 42
40 49
45 53
57 66
37 45
45 55
42 50
37 45
45 53
42 49
43 51
42 50
36 43
35 42
43 53
43 51
54 63
36 44
40 48
42 52
61 73
50 59
37 44
36 43
50 59
44 55
38 46
48 58
44 53
37 45
41 50
42 50
39 47
39 48
41 50
38 47
55 64
32 39
43 51
34 41
37 44
41 48
51 61
35 42
38 46
38 46
38 45
36 44
35 43
41 50
37 44
38 45
33 41
33 40
34 41
43 50
37 46
58 68
33 40
53 64
36 44
44 54
39 48
39 46
47 54
35 42
32 40
50 59
42 50
39 48
40 49
38 47
37 45
38 45
38 47
37 45
37 45
55 65
52 65
40 50
35 44
42 49
43 51
34 41
41 49
41 48
33 40
42 51
42 51
41 50
38 47
41 51
36 45
43 51
40 48
41 48
51 62
33 40
55 65
35 42
38 45
43 50
42 51
42 50
35 42
36 43
36 43
54 64
38 46
40 47
40 47
36 44
38 46
38 45
37 45
58 67
56 65
43 52
60 71
37 44
51 60
32 39
37 44
36 43
36 44
34 41
38 45
42 51
37 45
36 43
41 49
31 38
37 44
53 62
39 46
57 67
39 47
41 49
41 48
40 48
41 52
42 51
64 76
39 48
35 42
34 41
39 47
55 65
36 43
35 42
39 47
32 39
40 48
37 45
44 52
36 43
54 63
35 42
45 52
38 45
40 48
39 48
39 47
39 49
41 49
58 69
39 48
36 43
36 44
37 45
57 67
42 50
56 66
40 48
44 52
42 53
41 49
36 44
33 41
36 43
40 47
35 42
39 46
50 60
36 44
36 44
36 44
55 65
40 48
37 44
39 48
34 41
45 54
51 59
59 70
36 43
48 58
46 56
45 54
36 44
34 41
39 49
43 50
54 65
36 45
42 53
35 42
49 60
56 66
39 47
41 49
35 42
42 50
39 46
35 42
39 46
39 47
39 48
38 45
36 43
35 43
57 67
40 48
42 50
43 53
41 50
42 51
35 42
53 63
56 65
51 60
40 47
42 51
34 41
53 63
39 47
40 50
44 52
43 51
42 51
37 45
35 42
41 48
37 45
39 46
52 62
41 50
60 71
33 40
36 43
54 64
39 47
39 47
39 48
38 46
38 45
36 44
36 43
36 45
35 42
57 68
39 47
35 42
51 61
37 46
41 48
35 44
38 46
42 50
39 46
43 52
33 40
41 48
38 46
41 52
38 45
58 69
42 50
42 50
41 49
39 47
48 58
38 46
40 48
40 49
40 47
34 41
39 46
38 46
54 64
53 67
55 66
43 54
41 49
43 52
37 44
43 52
46 57
39 47
41 49
43 51
41 49
45 54
55 64
44 54
41 50
43 53
43 52
40 47
33 40
46 55
37 44
42 54
37 44
54 63
41 49
40 49
36 46
42 52
54 64
36 44
47 57
33 40
36 44
39 48
41 49
37 44
35 42
37 44
41 49
34 41
41 49
34 41
54 63
37 44
39 46
37 44
41 49
38 45
39 48
43 52
39 47
45 54
41 49
39 47
45 53
36 44
42 50
46 56
40 47
41 52
44 52
39 48
36 44
44 55
42 51
37 45
40 49
37 44
39 49
41 48
42 49
39 47
35 42
41 49
41 49
39 47
40 48
44 52
43 51
39 47
32 39
38 45
40 48
36 45
41 48
38 46
36 43
35 42
39 48
40 46
35 41
49 61
33 39
33 39
40 47
33 39
34 40
37 45
39 46
41 49
37 45
39 46
37 44
33 39
41 49
41 50
42 49
32 38
42 49
44 50
44 52
35 41
44 51
39 46
36 43
44 52
40 48
42 50
35 43
39 46
45 52
42 51
34 38
33 37
32 35
33 37
42 48
37 41
32 37
31 34
33 37
36 41
34 39
29 32
40 47
35 41
38 45
36 41
27 30
45 54
36 40
28 31
29 32
28 31
31 34
36 40
31 35
27 31
34 38
33 37
46 55
34 39
39 44
31 36
36 41
32 36
33 38
33 37
35 40
31 35
37 44
35 40
32 36
31 35
33 37
28 31
27 30
43 51
39 43
35 39
34 39
33 38
34 39
34 38
31 34
39 44
31 35
37 45
35 41
38 44
28 31
30 34
35 40
31 35
35 41
34 40
32 36
35 40
29 33
34 38
41 48
31 35
36 40
38 45
35 41
33 39
35 39
32 36
33 39
34 37
39 46
29 33
32 36
30 34
32 38
39 45
35 40
31 36
31 36
35 41
35 40
39 45
36 42
42 48
35 39
39 44
40 45
36 41
29 32
34 39
30 35
36 41
36 40
33 37
31 35
32 37
34 39
34 40
44 52
33 40
33 36
38 44
26 29
29 32
27 30
34 39
30 34
38 44
35 40
29 33
31 35
37 43
39 46
36 40
32 36
32 36
33 37
32 36
39 45
40 46
34 40
33 36
34 39
33 38
42 48
37 43
31 35
31 35
33 37
42 48
34 38
36 41
38 44
36 40
29 33
44 52
32 36
36 42
34 38
38 44
44 50
30 34
37 43
28 31
40 47
39 45
37 43
31 36
32 35
28 31
35 41
29 33
36 41
42 47
37 42
33 39
38 43
31 36
35 40
32 37
39 48
31 34
52 60
34 38
34 39
30 34
41 49
31 36
42 51
42 49
31 34
31 35
35 40
33 38
36 41
32 36
35 41
36 42
36 41
44 54
46 52
30 34
39 44
37 42
36 40
32 35
34 38
34 38
33 37
29 33
31 35
33 37
38 43
28 32
32 36
38 45
29 33
28 32
36 42
36 41
34 39
28 32
43 47
47 57
32 35
28 32
34 40
34 38
33 37
36 42
43 51
54 63
46 54
42 50
47 55
41 49
41 50
45 54
40 49
49 58
47 56
38 46
52 61
42 51
43 50
43 51
43 50
58 67
45 54
48 56
41 48
40 49
44 52
41 49
40 47
46 54
46 55
36 43
49 58
35 42
46 54
51 59
41 49
45 53
52 64
38 45
39 47
46 54
43 53
47 55
44 52
50 61
43 52
42 52
37 38
30 30
30 30
29 29
29 29
33 33
33 33
34 35
43 44
28 28
37 39
34 34
29 29
29 29
43 44
66 70
41 47
50 59
44 50
62 65
55 60
39 40
68 71
48 57
46 53
46 54
50 58
70 74
59 64
49 59
52 61
62 67
72 77
65 69
64 70
50 54
59 63
41 47
46 53
47 54
44 48
33 34
42 48
48 54
53 58
49 57
51 55
41 49
42 49
47 56
52 60
78 82
72 75
52 57
49 53
47 51
44 51
41 48
43 50
69 72
45 51
49 60
67 71
47 54
68 71
51 57
49 61
35 37
48 59
41 48
52 59
65 69
56 62
43 49
43 51
39 47
62 65
45 52
60 64
50 54
42 49
37 39
48 57
49 53
54 59
43 49
44 53
51 59
52 60
65 68
45 52
64 68
41 49
45 53
43 51
53 57
52 56
61 66
59 63
41 44
30 32
32 34
54 62
67 70
56 60
44 52
54 60
59 65
49 58
42 46
55 61
67 70
67 72
52 57
31 33
54 64
61 78
48 54
53 60
46 52
77 81
47 54
47 55
59 69
52 61
48 55
49 57
51 59
46 53
46 53
51 56
37 38
37 45
52 57
56 61
61 66
59 66
52 60
56 61
43 51
57 60
51 59
32 35
51 60
46 50
45 49
42 48
42 48
41 49
51 55
52 56
44 47
48 58
47 55
50 59
52 60
47 51
48 52
56 60
73 78
45 48
49 59
72 76
49 57
43 50
70 74
45 53
46 55
48 57
54 58
51 58
48 56
48 53
39 46
70 73
42 48
56 65
54 60
62 67
53 61
39 46
45 53
55 62
47 55
46 55
67 70
50 57
44 51
51 58
39 41
41 48
45 51
44 50
40 47
46 54
42 50
54 59
65 68
42 48
52 58
41 47
53 60
49 53
51 55
50 54
47 56
48 53
46 55
46 53
47 54
50 62
47 54
53 58
50 59
71 74
53 62
45 54
46 49
44 51
52 62
57 65
53 59
48 55
39 45
49 54
47 54
44 53
54 60
57 63
46 53
76 81
65 68
62 65
42 50
45 53
44 52
55 61
66 70
44 54
43 50
53 60
44 52
30 32
56 61
45 50
40 47
52 64
65 69
66 71
59 64
45 50
61 65
38 45
45 49
47 53
52 58
50 59
56 60
52 59
63 73
71 74
53 59
62 65
47 55
44 51
49 58
41 47
45 52
75 79
47 51
51 62
56 65
45 53
52 62
54 61
48 55
48 52
41 43
41 48
69 73
48 55
61 66
56 65
68 72
54 63
61 65
52 56
49 54
49 55
67 70
50 59
53 58
41 49
72 76
49 56
45 47
40 42
52 58
52 59
42 48
62 68
44 51
44 50
50 56
40 47
45 51
49 55
63 72
56 64
45 52
48 52
48 50
54 58
38 39
49 56
49 55
79 85
51 55
51 55
34 37
45 52
53 57
35 36
40 48
54 63
46 53
46 50
50 54
46 50
50 57
48 57
47 56
49 57
54 61
43 50
54 61
50 55
66 70
63 67
72 75
47 56
50 55
36 38
61 66
58 63
62 67
65 68
54 59
63 67
51 55
44 50
45 54
64 68
45 48
52 63
40 46
46 55
35 36
53 58
46 54
52 60
38 41
73 78
46 49
42 50
41 48
54 59
61 67
59 69
48 56
49 55
47 51
42 49
47 56
46 53
39 47
42 49
32 34
49 57
52 61
48 52
50 57
45 53
46 53
42 48
41 49
42 49
46 55
46 53
45 51
42 45
48 57
69 73
46 51
43 50
48 57
69 72
49 58
46 54
51 56
44 51
38 40
48 52
45 49
43 51
50 55
47 54
47 55
64 81
50 58
49 56
42 49
55 62
55 61
63 66
52 57
46 54
54 59
71 74
72 78
58 66
38 45
39 46
50 58
55 63
62 65
50 55
45 49
43 49
44 48
50 58
41 48
51 55
51 55
57 64
49 53
55 64
52 61
59 63
49 53
37 44
45 53
67 72
70 73
50 55
42 45
49 60
38 47
42 49
64 73
48 55
69 72
50 54
46 55
40 42
45 52
47 58
42 50
59 64
48 57
65 71
72 75
48 49
60 69
45 52
53 60
53 61
41 43
60 68
46 54
72 78
45 53
73 77
58 62
53 60
46 53
51 56
48 55
42 51
66 69
54 60
49 54
48 52
38 41
47 53
44 51
49 57
49 53
45 52
48 57
68 72
49 56
57 67
41 47
45 53
49 59
41 49
46 53
53 58
67 70
65 72
46 54
47 54
49 56
42 51
70 73
41 48
56 60
54 62
68 71
48 53
47 52
43 51
50 57
49 56
41 48
41 51
47 55
51 59
55 59
47 54
40 47
49 54
68 71
51 55
48 54
45 51
44 53
52 59
49 57
43 53
51 56
57 61
53 58
65 76
